Wavelength	Intensity
500.000000	0.015000   
500.500000	0.108137   
501.000000	0.183589   
501.500000	0.238055   
502.000000	0.272999   
502.500000	0.281788   
503.000000	0.282540   
503.500000	0.273771   
504.000000	0.264691   
504.500000	0.265257   
505.000000	0.276491   
505.500000	0.287822   
506.000000	0.296800   
506.500000	0.310418   
507.000000	0.312528   
507.500000	0.315593   
508.000000	0.310169   
508.500000	0.305429   
509.000000	0.306418   
509.500000	0.309610   
510.000000	0.314912   
510.500000	0.316481   
511.000000	0.318719   
511.500000	0.313234   
512.000000	0.311738   
512.500000	0.298923   
513.000000	0.290293   
513.500000	0.294918   
514.000000	0.305722   
514.500000	0.324980   
515.000000	0.356214   
515.500000	0.383824   
516.000000	0.407242   
516.500000	0.433436   
517.000000	0.446174   
517.500000	0.449450   
518.000000	0.458947   
518.500000	0.467755   
519.000000	0.485427   
519.500000	0.528821   
520.000000	0.570983   
520.500000	0.612890   
521.000000	0.654159   
521.500000	0.684238   
522.000000	0.705706   
522.500000	0.727021   
523.000000	0.742308   
523.500000	0.760911   
524.000000	0.790870   
524.500000	0.821407   
525.000000	0.856630   
525.500000	0.894064   
526.000000	0.923978   
526.500000	0.954255   
527.000000	0.991839   
527.500000	1.030803   
528.000000	1.084115   
528.500000	1.149381   
529.000000	1.223736   
529.500000	1.300322   
530.000000	1.390654   
530.500000	1.470638   
531.000000	1.544837   
531.500000	1.624400   
532.000000	1.707167   
532.500000	1.797329   
533.000000	1.896594   
533.500000	2.005132   
534.000000	2.109409   
534.500000	2.222306   
535.000000	2.323492   
535.500000	2.416071   
536.000000	2.502553   
536.500000	2.590256   
537.000000	2.675280   
537.500000	2.765833   
538.000000	2.873364   
538.500000	2.991043   
539.000000	3.135029   
539.500000	3.291868   
540.000000	3.474694   
540.500000	3.679835   
541.000000	3.901833   
541.500000	4.127720   
542.000000	4.342341   
542.500000	4.555421   
543.000000	4.772055   
543.500000	4.994129   
544.000000	5.220312   
544.500000	5.470630   
545.000000	5.752342   
545.500000	6.060454   
546.000000	6.407404   
546.500000	6.774949   
547.000000	7.173867   
547.500000	7.592327   
548.000000	8.029725   
548.500000	8.498764   
549.000000	9.007286   
549.500000	9.574848   
550.000000	10.192332  
550.500000	10.881606  
551.000000	11.635705  
551.500000	12.472641  
552.000000	13.377692  
552.500000	14.355216  
553.000000	15.422228  
553.500000	16.609686  
554.000000	17.902082  
554.500000	19.317771  
555.000000	20.870098  
555.500000	22.588289  
556.000000	24.493974  
556.500000	26.572857  
557.000000	28.821975  
557.500000	31.275686  
558.000000	33.994100  
558.500000	36.942475  
559.000000	40.155047  
559.500000	43.708657  
560.000000	47.632052  
560.500000	51.946750  
561.000000	56.643910  
561.500000	61.713942  
562.000000	67.179389  
562.500000	73.079873  
563.000000	79.339655  
563.500000	85.981581  
564.000000	93.048614  
564.500000	100.546388 
565.000000	108.483257 
565.500000	116.933674 
566.000000	125.942867 
566.500000	135.533340 
567.000000	145.677019 
567.500000	156.396311 
568.000000	167.633274 
568.500000	179.399849 
569.000000	191.606128 
569.500000	204.187866 
570.000000	217.204707 
570.500000	230.648950 
571.000000	244.505062 
571.500000	258.725807 
572.000000	273.349491 
572.500000	288.323147 
573.000000	303.536587 
573.500000	318.905637 
574.000000	334.347519 
574.500000	349.890709 
575.000000	365.476646 
575.500000	381.056176 
576.000000	396.576473 
576.500000	412.058058 
577.000000	427.386212 
577.500000	442.370093 
578.000000	456.878431 
578.500000	470.847752 
579.000000	484.173714 
579.500000	496.808426 
580.000000	508.669619 
580.500000	519.846868 
581.000000	530.469513 
581.500000	540.364415 
582.000000	549.421359 
582.500000	557.693597 
583.000000	565.154430 
583.500000	571.720647 
584.000000	577.373800 
584.500000	582.010578 
585.000000	585.610583 
585.500000	588.437745 
586.000000	590.338684 
586.500000	591.279762 
587.000000	591.457792 
587.500000	590.826835 
588.000000	589.493278 
588.500000	587.443287 
589.000000	584.556789 
589.500000	580.761059 
590.000000	576.267860 
590.500000	570.972565 
591.000000	564.781504 
591.500000	557.940955 
592.000000	550.488437 
592.500000	542.706698 
593.000000	534.629488 
593.500000	526.343893 
594.000000	517.880297 
594.500000	509.247960 
595.000000	500.400727 
595.500000	491.212337 
596.000000	481.833822 
596.500000	472.204090 
597.000000	462.518273 
597.500000	452.757562 
598.000000	442.929093 
598.500000	433.169550 
599.000000	423.546869 
599.500000	414.121925 
600.000000	404.865604 
600.500000	395.860186 
601.000000	387.007873 
601.500000	378.366980 
602.000000	369.874018 
602.500000	361.483296 
603.000000	353.273636 
603.500000	345.234250 
604.000000	337.385326 
604.500000	329.746377 
605.000000	322.331071 
605.500000	315.145738 
606.000000	308.250993 
606.500000	301.541213 
607.000000	295.026812 
607.500000	288.722584 
608.000000	282.538315 
608.500000	276.534902 
609.000000	270.841869 
609.500000	265.343585 
610.000000	260.067431 
610.500000	255.086850 
611.000000	250.273916 
611.500000	245.619246 
612.000000	241.224104 
612.500000	236.911220 
613.000000	232.690832 
613.500000	228.674576 
614.000000	224.732813 
614.500000	220.859971 
615.000000	217.055445 
615.500000	213.321939 
616.000000	209.632624 
616.500000	206.151382 
617.000000	202.756704 
617.500000	199.473048 
618.000000	196.437102 
618.500000	193.610298 
619.000000	191.009777 
619.500000	188.542550 
620.000000	186.213449 
620.500000	183.873868 
621.000000	181.578648 
621.500000	179.256697 
622.000000	176.838999 
622.500000	174.444944 
623.000000	172.033250 
623.500000	169.663909 
624.000000	167.370535 
624.500000	165.094187 
625.000000	162.807521 
625.500000	160.578063 
626.000000	158.422055 
626.500000	156.288532 
627.000000	154.205080 
627.500000	152.187773 
628.000000	150.184737 
628.500000	148.233691 
629.000000	146.215447 
629.500000	144.108970 
630.000000	141.987789 
630.500000	139.874625 
631.000000	137.763749 
631.500000	135.615676 
632.000000	133.560405 
632.500000	131.542772 
633.000000	129.565303 
633.500000	127.500420 
634.000000	125.343328 
634.500000	123.138801 
635.000000	120.866860 
635.500000	118.579702 
636.000000	116.235122 
636.500000	113.990369 
637.000000	111.843506 
637.500000	109.852203 
638.000000	107.906425 
638.500000	106.009928 
639.000000	104.129449 
639.500000	102.200749 
640.000000	100.271746 
640.500000	98.283899  
641.000000	96.306910  
641.500000	94.337536  
642.000000	92.423807  
642.500000	90.517607  
643.000000	88.651162  
643.500000	86.807699  
644.000000	84.870328  
644.500000	82.871283  
645.000000	80.857804  
645.500000	78.877723  
646.000000	76.984413  
646.500000	75.196387  
647.000000	73.502382  
647.500000	71.906124  
648.000000	70.426173  
648.500000	68.935087  
649.000000	67.401310  
649.500000	65.836354  
650.000000	64.250120  
650.500000	62.695201  
651.000000	61.173959  
651.500000	59.707287  
652.000000	58.283235  
652.500000	56.943279  
653.000000	55.653567  
653.500000	54.333819  
654.000000	52.993363  
654.500000	51.654262  
655.000000	50.314601  
655.500000	48.996168  
656.000000	47.747724  
656.500000	46.534378  
657.000000	45.379072  
657.500000	44.286099  
658.000000	43.222611  
658.500000	42.181494  
659.000000	41.166633  
659.500000	40.141366  
660.000000	39.100796  
660.500000	38.096298  
661.000000	37.098477  
661.500000	36.115059  
662.000000	35.167975  
662.500000	34.249930  
663.000000	33.387074  
663.500000	32.571001  
664.000000	31.770752  
664.500000	30.976754  
665.000000	30.228329  
665.500000	29.497517  
666.000000	28.781062  
666.500000	28.066533  
667.000000	27.363573  
667.500000	26.713078  
668.000000	26.099364  
668.500000	25.515423  
669.000000	24.954219  
669.500000	24.423762  
670.000000	23.915917  
670.500000	23.417873  
671.000000	22.927429  
671.500000	22.436313  
672.000000	21.955598  
672.500000	21.455953  
673.000000	20.946141  
673.500000	20.422404  
674.000000	19.898616  
674.500000	19.388688  
675.000000	18.895344  
675.500000	18.443037  
676.000000	18.034319  
676.500000	17.670480  
677.000000	17.312246  
677.500000	16.992666  
678.000000	16.677549  
678.500000	16.355586  
679.000000	16.035072  
679.500000	15.702257  
680.000000	15.368256  
680.500000	15.041997  
681.000000	14.730811  
681.500000	14.411428  
682.000000	14.104547  
682.500000	13.817316  
683.000000	13.540567  
683.500000	13.285407  
684.000000	13.039969  
684.500000	12.795761  
685.000000	12.553784  
685.500000	12.303692  
686.000000	12.033443  
686.500000	11.756331  
687.000000	11.489309  
687.500000	11.226872  
688.000000	10.989555  
688.500000	10.774293  
689.000000	10.564929  
689.500000	10.375860  
690.000000	10.198280  
690.500000	10.023779  
691.000000	9.824259   
691.500000	9.618269   
692.000000	9.411678   
692.500000	9.219518   
693.000000	9.036646   
693.500000	8.850318   
694.000000	8.674535   
694.500000	8.505946   
695.000000	8.349188   
695.500000	8.178998   
696.000000	7.998027   
696.500000	7.822667   
697.000000	7.664718   
697.500000	7.519915   
698.000000	7.363446   
698.500000	7.207186   
699.000000	7.039223   
699.500000	6.875153   
700.000000	6.703000   

