Wavelength	Intensity
450.000000	62.008000  
450.500000	63.199605  
451.000000	64.335137  
451.500000	65.397412  
452.000000	66.383175  
452.500000	67.334557  
453.000000	68.261032  
453.500000	69.208982  
454.000000	70.190745  
454.500000	71.300895  
455.000000	72.541145  
455.500000	73.882696  
456.000000	75.325182  
456.500000	76.898683  
457.000000	78.636401  
457.500000	80.508346  
458.000000	82.504510  
458.500000	84.578774  
459.000000	86.716882  
459.500000	88.958687  
460.000000	91.266306  
460.500000	93.627144  
461.000000	96.056916  
461.500000	98.600078  
462.000000	101.255728 
462.500000	104.033723 
463.000000	106.959752 
463.500000	109.998261 
464.000000	113.210858 
464.500000	116.564812 
465.000000	120.081885 
465.500000	123.760693 
466.000000	127.580996 
466.500000	131.514068 
467.000000	135.555544 
467.500000	139.720521 
468.000000	144.013540 
468.500000	148.423500 
469.000000	152.926351 
469.500000	157.569840 
470.000000	162.353174 
470.500000	167.232095 
471.000000	172.209033 
471.500000	177.226878 
472.000000	182.268315 
472.500000	187.392171 
473.000000	192.518430 
473.500000	197.629647 
474.000000	202.731744 
474.500000	207.794113 
475.000000	212.838656 
475.500000	217.910660 
476.000000	223.022580 
476.500000	228.218735 
477.000000	233.599728 
477.500000	239.135490 
478.000000	244.826180 
478.500000	250.717104 
479.000000	256.695745 
479.500000	262.775665 
480.000000	268.909023 
480.500000	274.975501 
481.000000	281.003905 
481.500000	286.991215 
482.000000	292.848748 
482.500000	298.494589 
483.000000	303.912138 
483.500000	308.924753 
484.000000	313.502134 
484.500000	317.520648 
485.000000	320.883625 
485.500000	323.717835 
486.000000	326.175080 
486.500000	328.454937 
487.000000	330.688509 
487.500000	333.153917 
488.000000	335.944452 
488.500000	339.300590 
489.000000	343.203741 
489.500000	347.460560 
490.000000	352.050608 
490.500000	356.850741 
491.000000	361.744936 
491.500000	366.595797 
492.000000	371.420114 
492.500000	376.247605 
493.000000	381.359584 
493.500000	386.943370 
494.000000	393.129867 
494.500000	400.118998 
495.000000	407.959984 
495.500000	416.501011 
496.000000	425.480765 
496.500000	434.601230 
497.000000	443.564951 
497.500000	452.141695 
498.000000	460.089343 
498.500000	467.420767 
499.000000	474.172035 
499.500000	480.572527 
500.000000	486.710225 
500.500000	492.644331 
501.000000	498.404277 
501.500000	504.142243 
502.000000	509.854321 
502.500000	515.383302 
503.000000	520.860351 
503.500000	526.143933 
504.000000	531.278585 
504.500000	536.221956 
505.000000	540.824571 
505.500000	545.076069 
506.000000	549.067370 
506.500000	552.690969 
507.000000	555.936769 
507.500000	559.081982 
508.000000	561.971942 
508.500000	564.665859 
509.000000	567.224970 
509.500000	569.535531 
510.000000	571.606420 
510.500000	573.558297 
511.000000	575.163398 
511.500000	576.434956 
512.000000	577.639411 
512.500000	578.679369 
513.000000	579.582691 
513.500000	580.389034 
514.000000	581.039464 
514.500000	581.487003 
515.000000	581.864369 
515.500000	582.135849 
516.000000	582.181079 
516.500000	582.150505 
517.000000	582.043385 
517.500000	581.930571 
518.000000	581.864400 
518.500000	581.786968 
519.000000	581.702371 
519.500000	581.549073 
520.000000	581.470379 
520.500000	581.431095 
521.000000	581.342073 
521.500000	581.222215 
522.000000	581.040414 
522.500000	580.880124 
523.000000	580.661570 
523.500000	580.348741 
524.000000	579.885818 
524.500000	579.421230 
525.000000	579.031980 
525.500000	578.646521 
526.000000	578.318649 
526.500000	578.038882 
527.000000	577.865221 
527.500000	577.621122 
528.000000	577.050945 
528.500000	575.961995 
529.000000	574.145789 
529.500000	571.392590 
530.000000	567.509584 
530.500000	562.671414 
531.000000	557.090723 
531.500000	551.208812 
532.000000	545.359972 
532.500000	539.704874 
533.000000	534.534751 
533.500000	530.100688 
534.000000	526.210942 
534.500000	522.540226 
535.000000	518.847103 
535.500000	514.867354 
536.000000	510.602243 
536.500000	505.929548 
537.000000	500.713620 
537.500000	494.971287 
538.000000	488.973829 
538.500000	482.716920 
539.000000	476.204779 
539.500000	469.491909 
540.000000	462.568129 
540.500000	455.543063 
541.000000	448.419580 
541.500000	441.122261 
542.000000	433.602901 
542.500000	425.940546 
543.000000	418.031645 
543.500000	409.984659 
544.000000	401.806905 
544.500000	393.597177 
545.000000	385.500131 
545.500000	377.558449 
546.000000	369.822591 
546.500000	362.253354 
547.000000	354.880143 
547.500000	347.685723 
548.000000	340.628113 
548.500000	333.654980 
549.000000	326.836966 
549.500000	320.279990 
550.000000	313.982491 
550.500000	307.978951 
551.000000	302.291243 
551.500000	296.926392 
552.000000	291.912325 
552.500000	287.211351 
553.000000	282.933237 
553.500000	279.119447 
554.000000	275.878849 
554.500000	273.374197 
555.000000	271.805921 
555.500000	271.280852 
556.000000	271.799195 
556.500000	273.238738 
557.000000	275.363287 
557.500000	277.926086 
558.000000	280.613992 
558.500000	283.153931 
559.000000	285.490687 
559.500000	287.627790 
560.000000	289.780656 
560.500000	292.396780 
561.000000	295.654449 
561.500000	299.910813 
562.000000	305.222131 
562.500000	311.593322 
563.000000	318.856001 
563.500000	326.854090 
564.000000	335.377642 
564.500000	344.094342 
565.000000	352.925097 
565.500000	361.853545 
566.000000	371.164824 
566.500000	380.801835 
567.000000	390.908315 
567.500000	401.690745 
568.000000	413.300009 
568.500000	425.701985 
569.000000	438.528779 
569.500000	451.390155 
570.000000	463.909348 
570.500000	475.834816 
571.000000	486.680072 
571.500000	496.235970 
572.000000	504.350470 
572.500000	511.167972 
573.000000	516.800575 
573.500000	521.355186 
574.000000	524.973360 
574.500000	527.678421 
575.000000	529.572952 
575.500000	530.504494 
576.000000	530.352700 
576.500000	528.732656 
577.000000	525.494002 
577.500000	520.380599 
578.000000	513.218891 
578.500000	504.288620 
579.000000	493.784746 
579.500000	482.187232 
580.000000	470.030712 
580.500000	458.095653 
581.000000	446.649551 
581.500000	435.813437 
582.000000	425.461055 
582.500000	415.326381 
583.000000	405.117710 
583.500000	394.293672 
584.000000	382.508500 
584.500000	369.626723 
585.000000	355.905997 
585.500000	341.558601 
586.000000	326.766047 
586.500000	311.748172 
587.000000	296.782716 
587.500000	282.207530 
588.000000	268.017897 
588.500000	254.156482 
589.000000	240.613692 
589.500000	227.497255 
590.000000	214.820617 
590.500000	202.653901 
591.000000	190.891439 
591.500000	179.490056 
592.000000	168.613069 
592.500000	158.175026 
593.000000	148.120952 
593.500000	138.535693 
594.000000	129.368920 
594.500000	120.554273 
595.000000	112.235285 
595.500000	104.451869 
596.000000	97.081596  
596.500000	90.219384  
597.000000	83.793830  
597.500000	77.757374  
598.000000	72.200210  
598.500000	67.067967  
599.000000	62.224923  
599.500000	57.683409  
600.000000	53.436532  
600.500000	49.445631  
601.000000	45.739771  
601.500000	42.285594  
602.000000	39.042707  
602.500000	36.056651  
603.000000	33.360803  
603.500000	30.934644  
604.000000	28.730352  
604.500000	26.738431  
605.000000	24.906073  
605.500000	23.214848  
606.000000	21.643082  
606.500000	20.145661  
607.000000	18.690949  
607.500000	17.308223  
608.000000	16.020409  
608.500000	14.822691  
609.000000	13.734927  
609.500000	12.747993  
610.000000	11.849350  
610.500000	11.055361  
611.000000	10.354126  
611.500000	9.715002   
612.000000	9.115996   
612.500000	8.541274   
613.000000	7.989096   
613.500000	7.453588   
614.000000	6.954458   
614.500000	6.482993   
615.000000	6.041703   
615.500000	5.639497   
616.000000	5.272968   
616.500000	4.937158   
617.000000	4.615453   
617.500000	4.321631   
618.000000	4.038056   
618.500000	3.779583   
619.000000	3.545592   
619.500000	3.343436   
620.000000	3.163904   
620.500000	3.014110   
621.000000	2.884198   
621.500000	2.751479   
622.000000	2.624089   
622.500000	2.489358   
623.000000	2.354190   
623.500000	2.225228   
624.000000	2.112264   
624.500000	1.999679   
625.000000	1.906453   
625.500000	1.827919   
626.000000	1.755923   
626.500000	1.678501   
627.000000	1.596689   
627.500000	1.513136   
628.000000	1.435988   
628.500000	1.368851   
629.000000	1.303126   
629.500000	1.254552   
630.000000	1.218531   
630.500000	1.194102   
631.000000	1.171801   
631.500000	1.141465   
632.000000	1.098344   
632.500000	1.050967   
633.000000	1.005328   
633.500000	0.963622   
634.000000	0.938720   
634.500000	0.928980   
635.000000	0.935574   
635.500000	0.950237   
636.000000	0.963945   
636.500000	0.967448   
637.000000	0.952427   
637.500000	0.918340   
638.000000	0.868012   
638.500000	0.820390   
639.000000	0.779382   
639.500000	0.750420   
640.000000	0.736224   
640.500000	0.733960   
641.000000	0.739166   
641.500000	0.744696   
642.000000	0.743946   
642.500000	0.728394   
643.000000	0.712127   
643.500000	0.694474   
644.000000	0.677105   
644.500000	0.660204   
645.000000	0.647340   
645.500000	0.639767   
646.000000	0.642077   
646.500000	0.654459   
647.000000	0.658150   
647.500000	0.646973   
648.000000	0.613272   
648.500000	0.544729   
649.000000	0.440959   
649.500000	0.309345   
650.000000	0.156000   

