x,y
55804.24305481701,1.8482140234588188e-06
55949.5708523781,2.212673282485735e-06
56094.89864993918,2.6392900341840153e-06
56240.226447500274,3.1366187857499486e-06
56385.554245061365,3.7139936407398318e-06
56530.882042622456,4.381525743024227e-06
56676.20984018354,5.1500847379097355e-06
56821.53763774463,6.031261757524143e-06
56966.86543530572,7.037311499732252e-06
57112.19323286681,8.181071120418567e-06
57257.521030427895,9.475853908208862e-06
57402.848827988986,1.0935316066774722e-05
57548.17662555008,1.2573295398100733e-05
57693.50442311116,1.4403621262294717e-05
57838.83222067225,1.6439895883276584e-05
57984.16001823334,1.8695247867830647e-05
58129.48781579443,2.1182059695689562e-05
58274.81561335552,2.3911671902715535e-05
58420.14341091661,2.6894067694572682e-05
58565.4712084777,3.0137542765964707e-05
58710.79900603878,3.3648366127218326e-05
58856.12680359987,3.7430438718372035e-05
59001.454601160964,4.148495748073635e-05
59146.782398722054,4.581009331529663e-05
59292.11019628314,5.0400691944495223e-05
59437.43799384423,5.524800706884545e-05
59582.76579140532,6.033947533612761e-05
59728.09358896641,6.565854248790925e-05
59873.421386527494,7.118454959259245e-05
60018.749184088585,7.68926875022304e-05
60164.076981649676,8.275402657877495e-05
60309.40477921076,8.873562733298433e-05
60454.73257677185,9.480073592724159e-05
60600.06037433294,0.00010090906654616558
60745.38817189403,0.00010701717048269306
60890.715969455116,0.00011307888948023845
61036.04376701621,0.00011904588848151454
61181.3715645773,0.00012486826053721416
61326.69936213839,0.00013049519430381645
61472.02715969947,0.00013587569239212653
61617.35495726056,0.0001409593268985204
61762.68275482165,0.0001456970168362952
61908.01055238274,0.00015004181095410788
62053.33834994383,0.00015394965864002437
62198.66614750492,0.00015738015130696613
62343.99394506601,0.0001602972168656567
62489.32174262709,0.0001626697506237198
62634.649540188184,0.00016447216719452798
62779.977337749275,0.00016568485972766076
62925.305135310366,0.0001662945549368801
63070.63293287145,0.0001662945549368801
63215.96073043254,0.00016568485972766076
63361.28852799363,0.00016447216719452798
63506.616325554714,0.00016266975062371992
63651.944123115805,0.0001602972168656567
63797.271920676896,0.00015738015130696613
63942.59971823799,0.00015394965864002437
64087.92751579908,0.00015004181095410788
64233.25531336016,0.0001456970168362952
64378.58311092125,0.0001409593268985204
64523.91090848234,0.00013587569239212653
64669.23870604343,0.00013049519430381645
64814.56650360452,0.00012486826053721416
64959.89430116561,0.00011904588848151454
65105.22209872669,0.00011307888948023875
65250.54989628778,0.00010701717048269306
65395.87769384887,0.00010090906654616558
65541.20549140996,9.480073592724188e-05
65686.53328897106,8.873562733298433e-05
65831.86108653214,8.275402657877495e-05
65977.18888409322,7.689268750223069e-05
66122.51668165432,7.118454959259245e-05
66267.8444792154,6.565854248790925e-05
66413.17227677649,6.033947533612787e-05
66558.50007433759,5.524800706884545e-05
66703.82787189867,5.040069194449547e-05
66849.15566945977,4.5810093315296405e-05
66994.48346702085,4.148495748073635e-05
67139.81126458193,3.7430438718372224e-05
67285.13906214303,3.3648366127218326e-05
67430.46685970412,3.0137542765964707e-05
67575.7946572652,2.689406769457284e-05
67721.1224548263,2.3911671902715535e-05
67866.45025238738,2.1182059695689562e-05
68011.77804994848,1.8695247867830542e-05
68157.10584750956,1.6439895883276584e-05
68302.43364507065,1.4403621262294814e-05
68447.76144263175,1.2573295398100644e-05
68593.08924019283,1.0935316066774722e-05
68738.41703775391,9.475853908208933e-06
68883.74483531501,8.18107112041851e-06
69029.0726328761,7.037311499732252e-06
69174.40043043718,6.031261757524188e-06
69319.72822799828,5.1500847379097355e-06
69465.05602555936,4.381525743024227e-06
69610.38382312044,3.713993640739863e-06
69755.71162068154,3.1366187857499486e-06
69901.03941824262,2.639290034184038e-06
70046.36721580372,2.2126732824857135e-06
70191.6950133648,1.8482140234588188e-06
