x,y
56843.75982986038,2.1128835728629367e-06
56970.88319666607,2.529534443163456e-06
57098.006563471776,3.017243937372691e-06
57225.12993027747,3.5857915926542805e-06
57352.25329708317,4.245848182966903e-06
57479.37666388887,5.0089727969852965e-06
57606.500030694566,5.8875916444014055e-06
57733.62339750026,6.894955740710582e-06
57860.746764305964,8.04507469166222e-06
57987.87013111166,9.352623970684249e-06
58114.993497917356,1.0832823367520388e-05
58242.11686472306,1.250128469337812e-05
58369.240231528755,1.4373827363177185e-05
58496.36359833445,1.6466261141059875e-05
58623.48696514015,1.8794136128426717e-05
58750.61033194585,2.137246098621023e-05
58877.733698751545,2.421539140075767e-05
59004.85706555725,2.73358919051952e-05
59131.98043236294,3.0745375328872255e-05
59259.10379916864,3.4453325333769036e-05
59386.22716597434,3.8466908670472925e-05
59513.35053278004,4.279058490482418e-05
59640.47389958573,4.7425722383562576e-05
59767.597266391436,5.237023007544844e-05
59894.72063319713,5.761821559559356e-05
60021.84400000283,6.315968014933739e-05
60148.96736680853,6.898026127638747e-05
60276.090733614226,7.506103410102041e-05
60403.21410041992,8.137838127337799e-05
60530.337467225625,8.790394090436694e-05
60657.46083403132,9.460464054879107e-05
60784.58420083702,0.00010144282368806934
60911.70756764272,0.0001083764732296165
61038.830934448415,0.00011535953431373634
61165.95430125411,0.00012234233625389024
61293.077668059814,0.00012927211079875436
61420.20103486551,0.00013609360117219663
61547.324401671205,0.00014274975360662145
61674.44776847691,0.00014918248042837363
61801.571135282604,0.00015533348127584894
61928.6945020883,0.00016114510682498155
62055.817868894,0.000166561247550994
62182.9412356997,0.00017152822864867996
62310.064602505394,0.00017599569133212552
62437.1879693111,0.0001799174403886788
62564.31133611679,0.00018325223810241266
62691.43470292249,0.0001859645254997851
62818.55806972819,0.0001880250532934167
62945.68143653389,0.00018941140687566825
63072.80480333958,0.00019010841218764066
63199.928170145286,0.00019010841218764066
63327.05153695098,0.00018941140687566817
63454.17490375668,0.00018802505329341659
63581.29827056238,0.00018596452549978496
63708.421637368076,0.0001832522381024125
63835.54500417377,0.0001799174403886786
63962.668370979474,0.00017599569133212528
64089.79173778517,0.0001715282286486797
64216.915104590866,0.0001665612475509937
64344.03847139657,0.00016114510682498125
64471.161838202264,0.0001553334812758486
64598.28520500796,0.00014918248042837325
64725.40857181366,0.00014274975360662107
64852.53193861936,0.00013609360117219625
64979.655305425054,0.00012927211079875395
65106.77867223076,0.00012234233625388983
65233.90203903645,0.00011535953431373593
65361.025405842156,0.0001083764732296157
65488.14877264785,0.00010144282368806893
65615.27213945355,9.460464054879068e-05
65742.39550625924,8.790394090436656e-05
65869.51887306494,8.137838127337799e-05
65996.64223987065,7.506103410101969e-05
66123.76560667634,6.898026127638679e-05
66250.88897348204,6.315968014933706e-05
66378.01234028774,5.7618215595593254e-05
66505.13570709343,5.2370230075448156e-05
66632.25907389913,4.7425722383562576e-05
66759.38244070482,4.279058490482418e-05
66886.50580751053,3.846690867047245e-05
67013.62917431623,3.445332533376881e-05
67140.75254112192,3.074537532887205e-05
67267.87590792762,2.7335891905195006e-05
67394.99927473332,2.421539140075767e-05
67522.12264153903,2.1372460986209916e-05
67649.24600834472,1.8794136128426423e-05
67776.36937515042,1.646626114105975e-05
67903.49274195611,1.4373827363177069e-05
68030.61610876181,1.2501284693378021e-05
68157.7394755675,1.0832823367520388e-05
68284.8628423732,9.352623970684249e-06
68411.98620917891,8.045074691662077e-06
68539.1095759846,6.894955740710522e-06
68666.2329427903,5.887591644401353e-06
68793.356309596,5.00897279698525e-06
68920.4796764017,4.245848182966903e-06
69047.6030432074,3.5857915926542097e-06
69174.7264100131,3.0172439373726294e-06
69301.8497768188,2.5295344431634314e-06
69428.97314362449,2.1128835728629142e-06
