x,y
58170.942836734335,2.3927447428459545e-06
58283.19754934163,2.8645829417500967e-06
58395.45226194893,3.4168918068921307e-06
58507.70697455622,4.060746220218403e-06
58619.961687163515,4.808230348892563e-06
58732.21639977081,5.672434336173634e-06
58844.47111237811,6.66743030051431e-06
58956.7258249854,7.808224415501658e-06
59068.980537592695,9.110681923753335e-06
59181.23525019999,1.0591422132809349e-05
59293.48996280729,1.2267680763730753e-05
59405.74467541458,1.4157137484092362e-05
59517.999388021875,1.6277707063250723e-05
59630.25410062917,1.8647293341494293e-05
59742.50881323647,2.1283506102842587e-05
59854.763525843766,2.4203341974561484e-05
59967.018238451055,2.7422831628914675e-05
60079.27295105835,3.0956656811209845e-05
60191.52766366565,3.48177420326591e-05
60303.782376272946,3.901682710999301e-05
60416.037088880235,4.3562028062953654e-05
60528.29180148753,4.84583951474373e-05
60640.54651409483,5.370747795401719e-05
60752.801226702126,5.9306908484725603e-05
60865.055939309415,6.525001388113122e-05
60977.31065191671,7.152547096212502e-05
61089.56536452401,7.811701489333458e-05
61201.820077131306,8.500321411200083e-05
61314.0747897386,9.215732304139636e-05
61426.32950234589,9.954722312946342e-05
61538.58421495319,0.00010713546133317165
61650.838927560486,0.0001148793933544501
61763.09364016778,0.00012273143674309406
61875.34835277507,0.0001306394364609201
61987.60306538237,0.00013854714270996772
62099.857777989666,0.00014639479784075358
62212.11249059696,0.00015411982606240452
62324.36720320425,0.00016165761657277824
62436.62191581155,0.00016894238771805034
62548.876628418846,0.00017590811698494773
62661.13134102614,0.0001824895191306583
62773.38605363344,0.0001886230526651729
62885.64076624073,0.00019424793330788588
62997.895478848026,0.0001993071320195267
63110.15019145532,0.00020374833481855926
63222.40490406261,0.00020752484186346913
63334.65961666991,0.0002105963842307359
63446.914329277206,0.00021292983843002213
63559.1690418845,0.00021449982093557188
63671.4237544918,0.00021528914781442966
63783.67846709909,0.00021528914781442966
63895.933179706386,0.00021449982093557188
64008.18789231368,0.00021292983843002213
64120.44260492098,0.0002105963842307359
64232.69731752828,0.00020752484186346913
64344.952030135566,0.00020374833481855926
64457.20674274286,0.0001993071320195267
64569.46145535016,0.00019424793330788588
64681.71616795745,0.0001886230526651729
64793.970880564746,0.0001824895191306583
64906.22559317204,0.00017590811698494773
65018.48030577934,0.00016894238771805034
65130.73501838664,0.00016165761657277824
65242.989730993926,0.00015411982606240452
65355.24444360122,0.00014639479784075358
65467.49915620852,0.00013854714270996772
65579.75386881581,0.0001306394364609206
65692.00858142311,0.00012273143674309351
65804.2632940304,0.0001148793933544501
65916.51800663769,0.00010713546133317215
66028.772719245,9.954722312946342e-05
66141.02743185229,9.215732304139636e-05
66253.28214445959,8.500321411200039e-05
66365.53685706688,7.811701489333458e-05
66477.79156967417,7.152547096212542e-05
66590.04628228147,6.525001388113122e-05
66702.30099488876,5.9306908484725603e-05
66814.55570749607,5.370747795401682e-05
66926.81042010336,4.84583951474373e-05
67039.06513271065,4.356202806295395e-05
67151.31984531795,3.901682710999274e-05
67263.57455792524,3.48177420326591e-05
67375.82927053253,3.09566568112101e-05
67488.08398313983,2.7422831628914675e-05
67600.33869574712,2.4203341974561484e-05
67712.59340835443,2.1283506102842407e-05
67824.84812096172,1.8647293341494293e-05
67937.102833569,1.6277707063250868e-05
68049.35754617631,1.4157137484092362e-05
68161.6122587836,1.2267680763730753e-05
68273.8669713909,1.0591422132809245e-05
68386.1216839982,9.110681923753335e-06
68498.37639660548,7.808224415501738e-06
68610.63110921279,6.667430300514242e-06
68722.88582182008,5.672434336173634e-06
68835.14053442737,4.808230348892617e-06
68947.39524703467,4.060746220218403e-06
69059.64995964196,3.4168918068921307e-06
69171.90467224926,2.8645829417500637e-06
69284.15938485655,2.3927447428459545e-06
