x,y
58419.56122123945,2.5911679490636375e-06
58523.219833390714,3.1021342866973317e-06
58626.87844554199,3.7002444836243944e-06
58730.537057693255,4.39749182881756e-06
58834.19566984453,5.206962593488679e-06
58937.854281995795,6.1428324475509944e-06
59041.51289414706,7.220340468394283e-06
59145.171506298335,8.455737246957472e-06
59248.8301184496,9.866203683249713e-06
59352.48873060087,1.1469737274564592e-05
59456.14734275214,1.3285003049057028e-05
59559.80595490341,1.5331146796559652e-05
59663.46456705468,1.7627568904978616e-05
59767.12317920595,2.0193657926836653e-05
59870.781791357214,2.3048483973175918e-05
59974.44040350849,2.6210453151018796e-05
60078.099015659755,2.9696925508609216e-05
60181.75762781103,3.352380030473412e-05
60285.416239962295,3.7705073841886475e-05
60389.07485211356,4.22523765578616e-05
60492.733464264835,4.717449750978487e-05
60596.3920764161,5.24769057562547e-05
60700.05068856737,5.816127939078322e-05
60803.70930071864,6.422505404437343e-05
60907.36791286991,7.066100349828697e-05
61011.02652502118,7.745686557367717e-05
61114.68513717245,8.459502664182343e-05
61218.343749323714,9.20522778841985e-05
61322.00236147499,9.979965579293089e-05
61425.660973626254,0.00010780237831995107
61529.31958577753,0.00011601988655274447
61632.978197928795,0.00012440599982841175
61736.63681008006,0.00013290918982564938
61840.295422231335,0.00014147297644405188
61943.9540343826,0.00015003644525718175
62047.61264653387,0.00015853488309138642
62151.27125868514,0.00016690052493153795
62254.92987083641,0.00017506340199380488
62358.58848298768,0.00018295227754742618
62462.24709513895,0.00019049565402843368
62565.905707290214,0.00019762283228296813
62669.56431944149,0.00020426500151420778
62773.222931592754,0.00021035633678191006
62876.88154374402,0.00021583507979816474
62980.540155895294,0.0002206445783385137
63084.19876804656,0.00022473425988245673
63187.857380197835,0.00022806051612439358
63291.5159923491,0.0002305874767414323
63395.17460450037,0.0002322876532275093
63498.83321665164,0.00023314243663720899
63602.49182880291,0.00023314243663720899
63706.15044095418,0.0002322876532275093
63809.80905310545,0.0002305874767414323
63913.467665256714,0.00022806051612439358
64017.12627740799,0.00022473425988245673
64120.784889559254,0.0002206445783385137
64224.44350171053,0.00021583507979816474
64328.102113861794,0.00021035633678191006
64431.76072601306,0.00020426500151420778
64535.419338164334,0.00019762283228296813
64639.0779503156,0.00019049565402843368
64742.736562466875,0.00018295227754742564
64846.39517461814,0.00017506340199380488
64950.05378676941,0.00016690052493153795
65053.71239892068,0.00015853488309138642
65157.37101107195,0.00015003644525718175
65261.029623223214,0.00014147297644405188
65364.68823537449,0.00013290918982564938
65468.346847525754,0.00012440599982841175
65572.00545967702,0.00011601988655274447
65675.66407182829,0.00010780237831995166
65779.32268397957,9.979965579293033e-05
65882.98129613083,9.20522778841985e-05
65986.6399082821,8.459502664182343e-05
66090.29852043337,7.745686557367717e-05
66193.95713258463,7.066100349828743e-05
66297.61574473591,6.4225054044373e-05
66401.27435688718,5.816127939078322e-05
66504.93296903845,5.24769057562547e-05
66608.59158118971,4.717449750978487e-05
66712.25019334098,4.225237655786195e-05
66815.90880549226,3.770507384188618e-05
66919.56741764353,3.3523800304733844e-05
67023.2260297948,2.9696925508609216e-05
67126.88464194606,2.6210453151018796e-05
67230.54325409733,2.304848397317613e-05
67334.2018662486,2.0193657926836843e-05
67437.86047839987,1.7627568904978444e-05
67541.51909055114,1.5331146796559652e-05
67645.1777027024,1.3285003049057028e-05
67748.83631485367,1.1469737274564714e-05
67852.49492700494,9.866203683249818e-06
67956.15353915622,8.455737246957383e-06
68059.81215130749,7.220340468394283e-06
68163.47076345875,6.1428324475509944e-06
68267.12937561002,5.206962593488679e-06
68370.78798776129,4.397491828817608e-06
68474.44659991257,3.7002444836243512e-06
68578.10521206383,3.1021342866973317e-06
68681.7638242151,2.5911679490636375e-06
