x,y
60949.424852945005,1.9676357606072202e-05
60963.075594552174,2.3556444339769636e-05
60976.72633615935,2.8098268858258096e-05
60990.37707776652,3.3392903699994484e-05
61004.02781937369,3.953972110065015e-05
61017.678560980865,4.664636578106683e-05
61031.329302588034,5.482855757962687e-05
61044.9800441952,6.420969738925475e-05
61058.63078580238,7.492025052105271e-05
61072.28152740955,8.709688321962295e-05
61085.93226901672,0.000100881330708592
61099.583010623894,0.0001164189789354672
61113.23375223106,0.00013385714717001148
61126.88449383823,0.00015334306480855383
61140.53523544541,0.00017502154312224973
61154.18597705258,0.0001990323511847228
61167.836718659746,0.00022550731469158893
61181.48746026692,0.0002545671666511847
61195.13820187409,0.000286318189735401
61208.78894348127,0.0003208487011269743
61222.43968508844,0.00035822544162940166
61236.090426695606,0.0003984899412225713
61249.74116830278,0.0004416549427192782
61263.39190990995,0.000487700973263058
61277.04265151712,0.0005365731596589825
61290.6933931243,0.0005881783875197545
61304.344134731466,0.000642382905554688
61317.994876338635,0.0006990104747002131
61331.64561794581,0.000757841156940139
61345.29635955298,0.0008186108304461315
61358.94710116015,0.0008810115060479085
61372.597842767325,0.0009446925051111855
61386.248584374494,0.0010092625408892413
61399.89932598166,0.0010742927246820868
61413.55006758884,0.0011393204951809215
61427.20080919601,0.00120385444481517
61440.85155080318,0.0012673799914747683
61454.502292410354,0.0013293658184566372
61468.15303401752,0.0013892709807441315
61481.80377562469,0.0014465525526511727
61495.45451723187,0.0015006736713185928
61509.10525883904,0.001551111813362266
61522.75600044621,0.0015973671288732035
61536.40674205338,0.0016389706485750392
61550.05748366055,0.0016754921767222054
61563.70822526772,0.0017065476845609163
61577.3589668749,0.0017318060269734367
61591.009708482066,0.0017509948181806112
61604.660450089235,0.0017639053207767748
61618.31119169641,0.0017703962254095955
61631.96193330358,0.0017703962254095955
61645.61267491076,0.0017639053207767748
61659.263416517926,0.0017509948181806112
61672.914158125095,0.0017318060269734367
61686.56489973227,0.0017065476845609163
61700.21564133944,0.0016754921767222054
61713.86638294661,0.0016389706485750392
61727.517124553786,0.0015973671288732035
61741.167866160955,0.001551111813362266
61754.818607768124,0.0015006736713185928
61768.4693493753,0.0014465525526511727
61782.12009098247,0.0013892709807441315
61795.77083258964,0.0013293658184566372
61809.421574196815,0.0012673799914747683
61823.072315803984,0.00120385444481517
61836.72305741115,0.0011393204951809215
61850.37379901833,0.0010742927246820868
61864.0245406255,0.0010092625408892413
61877.67528223267,0.0009446925051111855
61891.32602383984,0.0008810115060479085
61904.97676544701,0.0008186108304461315
61918.62750705418,0.000757841156940139
61932.27824866136,0.0006990104747002131
61945.92899026853,0.000642382905554688
61959.579731875696,0.0005881783875197545
61973.23047348287,0.0005365731596589825
61986.88121509004,0.000487700973263058
62000.53195669721,0.0004416549427192782
62014.18269830439,0.0003984899412225713
62027.833439911556,0.00035822544162940166
62041.484181518725,0.0003208487011269743
62055.1349231259,0.000286318189735401
62068.78566473307,0.0002545671666511847
62082.436406340246,0.00022550731469158893
62096.087147947415,0.0001990323511847228
62109.737889554584,0.00017502154312224973
62123.38863116176,0.00015334306480855383
62137.03937276893,0.00013385714717001148
62150.6901143761,0.0001164189789354672
62164.340855983275,0.000100881330708592
62177.991597590444,8.709688321962295e-05
62191.64233919761,7.492025052105271e-05
62205.29308080479,6.420969738925475e-05
62218.94382241196,5.482855757962687e-05
62232.59456401913,4.664636578106683e-05
62246.245305626304,3.953972110065015e-05
62259.89604723347,3.3392903699994484e-05
62273.54678884064,2.8098268858258096e-05
62287.19753044782,2.3556444339769636e-05
62300.84827205499,1.9676357606072202e-05
