x,y
58598.94893803907,2.8689128460302683e-06
58692.57216323479,3.4346491930146805e-06
58786.19538843052,4.096870269007015e-06
58879.81861362624,4.868854912537369e-06
58973.44183882196,5.765092100130692e-06
59067.065064017675,6.801276978653169e-06
59160.6882892134,7.994282088111738e-06
59254.31151440912,9.362099905264386e-06
59347.93473960484,1.0923752934909023e-05
59441.557964800566,1.269916780943582e-05
59535.181189996285,1.4709010244111672e-05
59628.804415192004,1.6974478248281797e-05
59722.42764038773,1.9517051719496554e-05
59816.05086558345,2.2358197451299107e-05
59909.67409077917,2.551902966230428e-05
60003.29731597489,2.9019927393129736e-05
60096.92054117061,3.288011149954241e-05
60190.54376636633,3.711718546717884e-05
60284.16699156205,4.174664584925773e-05
60377.79021675778,4.6781369739449694e-05
60471.4134419535,5.223108828578679e-05
60565.036667149216,5.810185677020373e-05
60658.659892344935,6.439553315950447e-05
60752.28311754066,7.110927821234998e-05
60845.90634273638,7.82350911382957e-05
60939.5295679321,8.575939538688017e-05
61033.152793127825,9.36626893408054e-05
61126.776018323544,0.00010191927644974062
61220.39924351926,0.00011049708863418193
61314.02246871499,0.00011935761559048456
61407.64569391071,0.0001284559509337949
61501.26891910643,0.0001377409639386528
61594.892144302146,0.00014715560301063052
61688.51536949787,0.00015663733399957534
61782.13859469359,0.000166118713117994
61875.76181988931,0.00017552809064697662
61969.38504508504,0.00018479043790207137
62063.008270280756,0.00019382828621019284
62156.631495476475,0.00020256276304126634
62250.254720672194,0.00021091470707354157
62343.87794586792,0.00021880584097621738
62437.50117106364,0.00022615997818677336
62531.12439625936,0.0002329042380504782
62624.747621455084,0.00023897024246563497
62718.3708466508,0.0002442952667082187
62811.99407184652,0.0002488233174360115
62905.61729704225,0.0002525061120094507
62999.24052223797,0.0002553039351988949
63092.86374743369,0.00025718635203072837
63186.486972629405,0.00025813275888388005
63280.11019782513,0.00025813275888388005
63373.73342302085,0.00025718635203072837
63467.35664821657,0.0002553039351988949
63560.97987341229,0.0002525061120094507
63654.603098608015,0.0002488233174360115
63748.226323803734,0.0002442952667082187
63841.84954899945,0.00023897024246563497
63935.47277419518,0.0002329042380504782
64029.0959993909,0.00022615997818677336
64122.71922458662,0.00021880584097621738
64216.34244978234,0.00021091470707354157
64309.96567497806,0.00020256276304126634
64403.58890017378,0.00019382828621019284
64497.21212536951,0.00018479043790207067
64590.83535056523,0.00017552809064697662
64684.458575760946,0.000166118713117994
64778.081800956665,0.00015663733399957534
64871.70502615239,0.00014715560301063052
64965.32825134811,0.0001377409639386528
65058.95147654383,0.0001284559509337949
65152.57470173955,0.00011935761559048456
65246.197926935274,0.00011049708863418193
65339.82115213099,0.00010191927644974062
65433.44437732671,9.36626893408054e-05
65527.06760252244,8.575939538688017e-05
65620.69082771815,7.823509113829626e-05
65714.31405291388,7.110927821234998e-05
65807.9372781096,6.439553315950447e-05
65901.56050330531,5.810185677020421e-05
65995.18372850104,5.223108828578679e-05
66088.80695369677,4.678136973944929e-05
66182.43017889248,4.174664584925811e-05
66276.0534040882,3.711718546717884e-05
66369.67662928393,3.2880111499542086e-05
66463.29985447964,2.901992739313002e-05
66556.92307967537,2.551902966230428e-05
66650.5463048711,2.235819745129888e-05
66744.1695300668,1.9517051719496554e-05
66837.79275526253,1.6974478248281797e-05
66931.41598045826,1.4709010244111507e-05
67025.03920565397,1.269916780943582e-05
67118.6624308497,1.0923752934909023e-05
67212.28565604542,9.362099905264274e-06
67305.90888124114,7.994282088111738e-06
67399.53210643686,6.801276978653169e-06
67493.15533163257,5.765092100130768e-06
67586.7785568283,4.868854912537369e-06
67680.40178202403,4.096870269006957e-06
67774.02500721974,3.4346491930147262e-06
67867.64823241546,2.8689128460302683e-06
