x,y
57883.999198761565,2.2450292003084167e-06
58003.639902505594,2.6877385772814087e-06
58123.28060624962,3.2059507825491504e-06
58242.921309993646,3.8100569927860843e-06
58362.562013737675,4.511395361894619e-06
58482.2027174817,5.322247916171344e-06
58601.84342122573,6.255818035095506e-06
58721.48412496976,7.326185489603232e-06
58841.12482871378,8.548236085233375e-06
58960.76553245781,9.937563140424222e-06
59080.40623620184,1.1510338332988865e-05
59200.04693994586,1.3283149880319015e-05
59319.68764368989,1.527280658763406e-05
59439.32834743392,1.749610700578882e-05
59558.96905117794,1.9969573782864623e-05
59678.60975492197,2.270915426327983e-05
59798.250458666,2.5729889469458747e-05
59917.89116241002,2.904555477256217e-05
60037.53186615405,3.266827679209643e-05
60157.17256989808,3.660813232469342e-05
60276.8132736421,4.0872736349496125e-05
60396.45397738613,4.546682734602266e-05
60516.09468113016,5.039185924123115e-05
60635.735384874184,5.564561022495965e-05
60755.37608861821,6.122181938614767e-05
60875.01679236224,6.710986257764843e-05
60994.657496106265,7.329447907087254e-05
61114.298199850295,7.975556037562502e-05
61233.938903594324,8.646801204716307e-05
61353.579607338346,9.340169836480156e-05
61473.220311082376,0.0001005214784404474
61592.861014826405,0.00010778734061189457
61712.50171857043,0.00011515463992048123
61832.14242231446,0.00012257444110722838
61951.783126058486,0.0001299939669424237
62071.42382980251,0.00013735714890123477
62191.06453354654,0.00014460527429474636
62310.70523729057,0.0001516777210537224
62430.34594103459,0.00015851276853950095
62549.98664477862,0.0001650484701233763
62669.62734852265,0.0001712235709318807
62789.26805226667,0.00017697845219417417
62908.9087560107,0.00018225608213313758
63028.54945975473,0.0001870029523840307
63148.19016349875,0.00019116997855685172
63267.83086724278,0.0001947133438139871
63387.47157098681,0.00019759526522458292
63507.11227473083,0.00019978466416930638
63626.75297847486,0.00020125772416848553
63746.39368221889,0.00020199832213528592
63866.034385962914,0.00020199832213528592
63985.67508970694,0.00020125772416848553
64105.31579345097,0.00019978466416930638
64224.956497194995,0.00019759526522458292
64344.597200939024,0.0001947133438139871
64464.237904683054,0.00019116997855685172
64583.878608427076,0.0001870029523840307
64703.519312171105,0.00018225608213313758
64823.160015915135,0.00017697845219417417
64942.80071965916,0.0001712235709318807
65062.44142340319,0.0001650484701233763
65182.082127147216,0.00015851276853950095
65301.72283089124,0.0001516777210537224
65421.36353463527,0.00014460527429474636
65541.00423837929,0.0001373571489012352
65660.64494212333,0.00012999396694242328
65780.28564586735,0.00012257444110722838
65899.92634961137,0.00011515463992048168
66019.56705335541,0.00010778734061189415
66139.20775709943,0.0001005214784404474
66258.84846084345,9.340169836480199e-05
66378.48916458749,8.646801204716266e-05
66498.12986833151,7.975556037562502e-05
66617.77057207553,7.329447907087293e-05
66737.41127581957,6.710986257764806e-05
66857.05197956359,6.122181938614767e-05
66976.69268330761,5.564561022495997e-05
67096.33338705165,5.039185924123084e-05
67215.97409079567,4.546682734602266e-05
67335.6147945397,4.087273634949638e-05
67455.25549828373,3.660813232469317e-05
67574.89620202775,3.266827679209643e-05
67694.53690577178,2.9045554772562376e-05
67814.17760951581,2.5729889469458554e-05
67933.81831325984,2.270915426327983e-05
68053.45901700386,1.996957378286479e-05
68173.0997207479,1.749610700578868e-05
68292.74042449192,1.527280658763406e-05
68412.38112823594,1.3283149880319127e-05
68532.02183197998,1.1510338332988763e-05
68651.662535724,9.937563140424222e-06
68771.30323946802,8.548236085233455e-06
68890.94394321206,7.3261854896031625e-06
69010.58464695608,6.255818035095506e-06
69130.2253507001,5.322247916171396e-06
69249.86605444414,4.511395361894574e-06
69369.50675818816,3.8100569927860843e-06
69489.14746193218,3.2059507825491847e-06
69608.78816567622,2.687738577281378e-06
69728.42886942024,2.2450292003084167e-06
