x,y
55054.88209673279,1.6761773183649493e-06
55215.12580753112,2.006711734669044e-06
55375.36951832945,2.3936178579615075e-06
55535.613229127775,2.8446539190262973e-06
55695.8569399261,3.368285178092894e-06
55856.10065072443,3.97368160671408e-06
56016.34436152276,4.6707010745361264e-06
56176.58807232109,5.469855780103154e-06
56336.831783119414,6.382259721222638e-06
56497.075493917735,7.419555136971169e-06
56657.31920471606,8.593816079457666e-06
56817.56291551439,9.91742759638679e-06
56977.80662631272,1.1402939430119716e-05
57138.050337111046,1.3062893666933328e-05
57298.294047909374,1.4909626399360302e-05
57458.5377587077,1.6955044188347818e-05
57618.78146950603,1.9210376919293097e-05
57779.02518030436,2.1685909520645603e-05
57939.268891102685,2.4390695934581917e-05
58099.51260190101,2.7332259670352646e-05
58259.75631269934,3.0516286202034498e-05
58420.00002349767,3.3946313359732236e-05
58580.243734296,3.762342667025764e-05
58740.487445094324,4.1545967292025005e-05
58900.731155892645,4.570926072141896e-05
59060.97486669097,5.0105374787904476e-05
59221.2185774893,5.4722915569692255e-05
59381.46228828763,5.95468697230057e-05
59541.705999085956,6.45585013048609e-05
59701.949709884284,6.973531046916349e-05
59862.19342068261,7.505106042595897e-05
60022.43713148094,8.047587778177437e-05
60182.68084227927,8.597642984451048e-05
60342.924553077595,9.151618071024272e-05
60503.16826387592,9.705572599378223e-05
60663.41197467425,0.00010255320397253554
60823.65568547258,0.00010796477874563868
60983.89939627091,0.00011324518883612239
61144.143107069234,0.00011834835255623616
61304.38681786756,0.0001232280194901845
61464.63052866589,0.000127838455698502
61624.87423946422,0.00013213514878401513
61785.11795026254,0.0001360755178434458
61945.361661060866,0.00013961961261364978
62105.605371859194,0.0001427307858469229
62265.84908265752,0.00014537632314054773
62426.09279345585,0.00014752801511011643
62586.33650425418,0.0001491626579252271
62746.580215052505,0.00015026246979354293
62906.82392585083,0.00015081541294181355
63067.06763664916,0.00015081541294181355
63227.31134744749,0.00015026246979354293
63387.555058245816,0.0001491626579252271
63547.798769044144,0.00014752801511011643
63708.042479842465,0.0001453763231405478
63868.28619064079,0.00014273078584692303
64028.52990143912,0.00013961961261364995
64188.77361223745,0.00013607551784344598
64349.017323035776,0.00013213514878401513
64509.261033834104,0.000127838455698502
64669.50474463243,0.0001232280194901845
64829.74845543076,0.00011834835255623616
64989.99216622909,0.00011324518883612239
65150.235877027415,0.00010796477874563868
65310.47958782574,0.00010255320397253554
65470.72329862407,9.705572599378223e-05
65630.9670094224,9.151618071024272e-05
65791.21072022073,8.597642984451048e-05
65951.45443101905,8.047587778177437e-05
66111.69814181738,7.505106042595897e-05
66271.94185261571,6.973531046916349e-05
66432.18556341404,6.45585013048609e-05
66592.42927421237,5.95468697230057e-05
66752.6729850107,5.4722915569692255e-05
66912.91669580902,5.0105374787904476e-05
67073.16040660735,4.570926072141896e-05
67233.40411740568,4.154596729202481e-05
67393.647828204,3.762342667025747e-05
67553.89153900233,3.394631335973209e-05
67714.13524980066,3.0516286202034356e-05
67874.37896059899,2.7332259670352507e-05
68034.62267139732,2.4390695934581785e-05
68194.86638219564,2.1685909520645487e-05
68355.11009299396,1.9210376919293202e-05
68515.35380379228,1.6955044188347916e-05
68675.59751459061,1.4909626399360388e-05
68835.84122538894,1.3062893666933408e-05
68996.08493618727,1.140293943011978e-05
69156.3286469856,9.917427596386852e-06
69316.57235778392,8.593816079457724e-06
69476.81606858225,7.4195551369712215e-06
69637.05977938058,6.382259721222638e-06
69797.3034901789,5.469855780103154e-06
69957.54720097723,4.6707010745361264e-06
70117.79091177556,3.97368160671408e-06
70278.03462257389,3.368285178092894e-06
70438.27833337222,2.8446539190262973e-06
70598.52204417055,2.3936178579615075e-06
70758.76575496887,2.006711734669044e-06
70919.0094657672,1.6761773183649493e-06
