x,y
59713.02523938568,6.1980459894171574e-06
59756.36097356858,7.420271997901944e-06
59799.696707751486,8.850945184729808e-06
59843.03244193439,1.0518753368706462e-05
59886.36817611729,1.2454998770450116e-05
59929.703910300195,1.4693589440608553e-05
59973.0396444831,1.727097708912668e-05
60016.375378666,2.022603295552819e-05
60059.711112848905,2.3599853568672085e-05
60103.04684703181,2.7435488749377603e-05
60146.38258121471,3.17775850451365e-05
60189.718315397615,3.667193898022692e-05
60233.05404958052,4.2164956074791444e-05
60276.38978376342,4.830301353886364e-05
60319.725517946325,5.513172687386419e-05
60363.06125212923,6.269512329070803e-05
60406.39698631213,7.103472783891422e-05
60449.732720495034,8.018857137525983e-05
60493.06845467794,9.01901329054449e-05
60536.40418886084,0.00010106723231214314
60579.739923043744,0.00011284089292588933
60623.07565722665,0.00012552419667629318
60666.41139140955,0.0001391211575450667
60709.747125592454,0.00015362564158902584
60753.08285977536,0.00016902036377032455
60796.41859395826,0.00018527599308845613
60839.75432814116,0.00020235039793211961
60883.09006232407,0.0002201880630559035
60926.42579650697,0.00023871970805910254
60969.76153068987,0.0002578621346551633
61013.09726487278,0.0002775183263596298
61056.43299905568,0.00029757781952132573
61099.76873323858,0.0003179173589474274
61143.104467421486,0.0003384018448425202
61186.44020160439,0.00035888557055080515
61229.77593578729,0.0003792137428538154
61273.111669970196,0.0003992242685609527
61316.4474041531,0.00041874978309048064
61359.783138336,0.0004376198889451782
61403.118872518906,0.0004556635647175911
61446.45460670181,0.00047271169878869293
61489.79034088471,0.0004885996964692714
61533.126075067616,0.0005031701052070844
61576.46180925052,0.0005162751998387217
61619.79754343342,0.0005277794688498787
61663.133277616325,0.0005375619433130218
61706.46901179923,0.0005455183126280865
61749.80474598213,0.0005515627753667957
61793.140480165035,0.0005556295793169754
61836.476214347946,0.0005576742120804458
61879.81194853084,0.0005576742120804458
61923.14768271375,0.0005556295793169754
61966.48341689665,0.0005515627753667966
62009.81915107956,0.0005455183126280865
62053.154885262455,0.0005375619433130232
62096.490619445365,0.0005277794688498787
62139.82635362827,0.0005162751998387217
62183.16208781117,0.0005031701052070844
62226.497821994075,0.0004885996964692714
62269.83355617698,0.00047271169878869293
62313.16929035988,0.0004556635647175911
62356.505024542785,0.0004376198889451782
62399.84075872569,0.00041874978309048064
62443.17649290859,0.0003992242685609527
62486.512227091494,0.0003792137428538154
62529.8479612744,0.00035888557055080515
62573.1836954573,0.0003384018448425202
62616.519429640204,0.0003179173589474274
62659.85516382311,0.00029757781952132573
62703.19089800601,0.0002775183263596298
62746.526632188914,0.0002578621346551633
62789.86236637182,0.00023871970805910254
62833.19810055472,0.0002201880630559035
62876.533834737624,0.00020235039793211961
62919.86956892053,0.00018527599308845613
62963.20530310343,0.00016902036377032455
63006.54103728633,0.00015362564158902584
63049.87677146924,0.0001391211575450667
63093.21250565214,0.00012552419667629318
63136.54823983504,0.00011284089292588933
63179.88397401795,0.00010106723231214314
63223.21970820085,9.01901329054449e-05
63266.55544238375,8.018857137525983e-05
63309.891176566656,7.103472783891422e-05
63353.22691074956,6.269512329070803e-05
63396.56264493246,5.513172687386419e-05
63439.898379115366,4.830301353886364e-05
63483.23411329827,4.2164956074791444e-05
63526.56984748117,3.667193898022692e-05
63569.905581664076,3.17775850451365e-05
63613.24131584698,2.7435488749377603e-05
63656.57705002988,2.3599853568672085e-05
63699.912784212785,2.022603295552819e-05
63743.24851839569,1.727097708912668e-05
63786.58425257859,1.4693589440608553e-05
63829.919986761495,1.2454998770450116e-05
63873.2557209444,1.0518753368706462e-05
63916.5914551273,8.850945184729808e-06
63959.927189310205,7.420271997901944e-06
64003.26292349311,6.1980459894171574e-06
