x,y
55203.34508181761,1.629169086375706e-06
55368.212483057294,1.950433696704137e-06
55533.079884296974,2.3264890749098384e-06
55697.947285536655,2.764875872939178e-06
55862.814686776335,3.2738219436111245e-06
56027.682088016016,3.8622400875065345e-06
56192.549489255696,4.53971171126375e-06
56357.41689049538,5.316454199827841e-06
56522.28429173506,6.203269860004653e-06
56687.15169297474,7.211474425393524e-06
56852.01909421442,8.352803332470929e-06
57016.8864954541,9.639294291467588e-06
57181.75389669378,1.1083145088424873e-05
57346.62129793346,1.269654606801402e-05
57511.48869917314,1.4491487358236808e-05
57676.35610041283,1.6479541601681722e-05
57841.22350165251,1.8671623742687845e-05
58006.09090289219,2.107773026987368e-05
58170.95830413187,2.3706661208476565e-05
58335.82570537155,2.6565729071652426e-05
58500.69310661123,2.9660459884903244e-05
58665.56050785091,3.2994292260228106e-05
58830.42790909059,3.656828128094356e-05
58995.29531033027,4.038081462751694e-05
59160.16271156995,4.442734889233826e-05
59325.03011280963,4.8700174361833265e-05
59489.89751404931,5.318821665565569e-05
59654.76491528899,5.7876883477813964e-05
59819.632316528674,6.27479643330466e-05
59984.499717768354,6.777959038128308e-05
60149.367119008035,7.294626064082456e-05
60314.234520247715,7.821893951465038e-05
60479.101921487396,8.356522912281143e-05
60643.969322727076,8.894961820730146e-05
60808.83672396676,9.433380747513163e-05
60973.70412520644,9.96771092117001e-05
61138.57152644612,0.00010493691688977457
61303.4389276858,0.0001100692383861626
61468.30632892548,0.00011502928436962293
61633.17373016516,0.00011977210151283136
61798.04113140484,0.0001242532384802645
61962.90853264452,0.0001284294312206546
62127.7759338842,0.00013225929300806865
62292.64333512388,0.00013570399398065696
62457.51073636356,0.00013872791465925936
62622.37813760324,0.0001412992581134423
62787.24553884292,0.00014339060608827573
62952.1129400826,0.00014497940550255384
63116.98034132228,0.00014604837325259896
63281.847742561964,0.00014658580916335602
63446.715143801644,0.00014658580916335605
63611.582545041325,0.00014604837325259902
63776.449946281005,0.00014497940550255395
63941.31734752069,0.0001433906060882758
64106.18474876037,0.0001412992581134424
64271.052150000054,0.00013872791465925947
64435.919551239735,0.0001357039939806571
64600.786952479415,0.0001322592930080688
64765.654353719096,0.00012842943122065478
64930.521754958776,0.0001242532384802647
65095.38915619846,0.00011977210151283158
65260.25655743814,0.00011502928436962314
65425.12395867782,0.00011006923838616281
65589.9913599175,0.00010493691688977457
65754.85876115717,9.967710921170057e-05
65919.72616239687,9.433380747513163e-05
66084.59356363653,8.894961820730194e-05
66249.46096487623,8.356522912281143e-05
66414.3283661159,7.821893951465083e-05
66579.19576735559,7.294626064082456e-05
66744.06316859527,6.777959038128308e-05
66908.93056983495,6.27479643330466e-05
67073.79797107463,5.7876883477813964e-05
67238.66537231431,5.318821665565569e-05
67403.53277355399,4.8700174361833265e-05
67568.40017479367,4.442734889233826e-05
67733.26757603335,4.038081462751694e-05
67898.13497727303,3.656828128094356e-05
68063.00237851271,3.2994292260228106e-05
68227.8697797524,2.9660459884903244e-05
68392.73718099207,2.6565729071652426e-05
68557.60458223175,2.3706661208476565e-05
68722.47198347143,2.107773026987368e-05
68887.33938471111,1.8671623742687845e-05
69052.2067859508,1.6479541601681722e-05
69217.07418719048,1.4491487358236892e-05
69381.94158843016,1.2696546068014096e-05
69546.80898966984,1.1083145088424946e-05
69711.67639090952,9.639294291467645e-06
69876.5437921492,8.35280333247098e-06
70041.41119338888,7.211474425393572e-06
70206.27859462856,6.203269860004695e-06
70371.14599586824,5.316454199827876e-06
70536.01339710792,4.53971171126378e-06
70700.8807983476,3.862240087506563e-06
70865.74819958728,3.273821943611149e-06
71030.61560082696,2.7648758729391987e-06
71195.48300206664,2.3264890749098566e-06
71360.35040330632,1.9504336967041527e-06
71525.217804546,1.6291690863757206e-06
