x,y
53003.14754073568,1.2550325129965152e-06
53217.16340938396,1.502519121114213e-06
53431.17927803224,1.7922138681372427e-06
53645.19514668053,2.1299257050462278e-06
53859.211015328816,2.5219929689028487e-06
54073.2268839771,2.975281647163157e-06
54287.24275262538,3.49717278882441e-06
54501.25862127367,4.09553736959511e-06
54715.274489921954,4.778696960495729e-06
54929.29035857024,5.555368651541276e-06
55143.30622721852,6.434592851401018e-06
55357.32209586681,7.425642825721844e-06
55571.33796451509,8.53791515475831e-06
55785.353833163375,9.780800686295967e-06
55999.36970181166,1.1163536030950051e-05
56213.38557045994,1.2695036188907581e-05
56427.40143910823,1.4383709501658696e-05
56641.417307756514,1.6237256777140777e-05
56855.4331764048,1.8262457126178188e-05
57069.44904505308,2.046494375273921e-05
57283.46491370137,2.2848973637717222e-05
57497.48078234965,2.5417195720313363e-05
57711.496650997935,2.8170422785325344e-05
57925.51251964622,3.110741278031566e-05
58139.52838829451,3.4224665685355204e-05
58353.54425694279,3.7516242312619505e-05
58567.56012559107,4.0973611498884314e-05
58781.575994239356,4.45855320500576e-05
58995.59186288764,4.8337975487559675e-05
59209.60773153593,5.22140951221553e-05
59423.62360018421,5.6194246239607376e-05
59637.639468832494,6.025606123019401e-05
59851.65533748078,6.437458234519024e-05
60065.67120612907,6.852245344105777e-05
60279.68707477735,7.267017060790277e-05
60493.70294342563,7.678639001215287e-05
60707.718812073916,8.083828966044377e-05
60921.734680722206,8.479198016377107e-05
61135.75054937049,8.861295800287847e-05
61349.76641801877,9.22665933239154e-05
61563.782286667054,9.571864298306427e-05
61777.79815531534,9.893577846246954e-05
61991.81402396363,0.00010188611744427564
62205.82989261191,0.00010453974729418061
62419.84576126019,0.00010686922850034021
62633.861629908475,0.00010885006625626612
62847.87749855676,0.00011046113887380782
63061.89336720505,0.00011168507255768638
63275.90923585333,0.00011250855324662817
63489.92510450161,0.00011292256769564554
63703.9409731499,0.00011292256769564554
63917.956841798186,0.00011250855324662817
64131.97271044647,0.00011168507255768638
64345.98857909475,0.00011046113887380788
64560.004447743035,0.00010885006625626618
64774.020316391325,0.00010686922850034021
64988.03618503961,0.00010453974729418061
65202.05205368789,0.00010188611744427564
65416.06792233617,9.893577846246963e-05
65630.08379098446,9.57186429830644e-05
65844.09965963275,9.22665933239154e-05
66058.11552828102,8.86129580028786e-05
66272.13139692931,8.479198016377107e-05
66486.1472655776,8.083828966044377e-05
66700.16313422588,7.678639001215302e-05
66914.17900287417,7.267017060790277e-05
67128.19487152246,6.852245344105763e-05
67342.21074017073,6.437458234519038e-05
67556.22660881902,6.025606123019401e-05
67770.24247746731,5.619424623960725e-05
67984.25834611559,5.22140951221553e-05
68198.27421476388,4.8337975487559675e-05
68412.29008341215,4.458553205005773e-05
68626.30595206044,4.0973611498884314e-05
68840.32182070872,3.751624231261962e-05
69054.33768935701,3.4224665685355204e-05
69268.3535580053,3.110741278031566e-05
69482.36942665357,2.8170422785325436e-05
69696.38529530186,2.5417195720313363e-05
69910.40116395016,2.284897363771714e-05
70124.41703259843,2.046494375273929e-05
70338.43290124672,1.8262457126178188e-05
70552.44876989501,1.6237256777140712e-05
70766.46463854329,1.4383709501658696e-05
70980.48050719158,1.2695036188907581e-05
71194.49637583985,1.1163536030950105e-05
71408.51224448814,9.780800686295967e-06
71622.52811313642,8.537915154758347e-06
71836.54398178471,7.425642825721844e-06
72050.559850433,6.434592851401018e-06
72264.57571908127,5.5553686515413024e-06
72478.59158772956,4.778696960495729e-06
72692.60745637785,4.095537369595089e-06
72906.62332502613,3.4971727888244287e-06
73120.63919367442,2.975281647163157e-06
73334.65506232271,2.521992968902835e-06
73548.67093097098,2.1299257050462278e-06
73762.68679961927,1.7922138681372427e-06
73976.70266826755,1.5025191211142226e-06
74190.71853691584,1.2550325129965152e-06
