x,y
57424.53893317053,2.0647185357374137e-06
57554.627789739476,2.4718714834386314e-06
57684.71664630842,2.9484632112944328e-06
57814.80550287737,3.504050323327945e-06
57944.89435944631,4.149060343831593e-06
58074.98321601526,4.8947888618995366e-06
58205.072072584204,5.753378820857958e-06
58335.16092915315,6.737779167663486e-06
58465.249785722095,7.861680146795512e-06
58595.33864229104,9.139422691373505e-06
58725.42749885999,1.0585879642663949e-05
58855.51635542893,1.2216306926923423e-05
58985.60521199788,1.4046163341612035e-05
59115.69406856682,1.6090898253410133e-05
59245.78292513577,1.8365707285496556e-05
59375.871781704715,2.088525696319364e-05
59505.96063827366,2.366338028154302e-05
59636.049494842606,2.671274623574927e-05
59766.13835141155,3.0044507489691447e-05
59896.2272079805,3.366793151694372e-05
60026.31606454944,3.759002169571792e-05
60156.40492111839,4.181513593213386e-05
60286.493777687334,4.634461138026515e-05
60416.58263425628,5.1176404675765824e-05
60546.67149082522,5.6304757755837645e-05
60676.76034739417,6.171989975712853e-05
60806.84920396311,6.740779562424368e-05
60936.93806053206,7.334995189062846e-05
61067.026917101,7.95232895846599e-05
61197.115773669946,8.590009335142205e-05
61327.20463023889,9.244804466116011e-05
61457.29348680784,9.913034540871351e-05
61587.38234337678,0.00010590593631803231
61717.47119994573,0.00011272981239040522
61847.560056514674,0.00011955343522622656
61977.64891308362,0.00012632523947281573
62107.737769652565,0.00013299122798079432
62237.82662622151,0.00013949564757331792
62367.91548279046,0.0001457817347362797
62498.0043393594,0.00015179251811603343
62628.09319592835,0.0001574716625554975
62758.18205249729,0.00016276433759580144
62888.27090906624,0.00016761809199607533
63018.359765635185,0.000171983714943168
63148.44862220413,0.00017581606428488031
63278.537478773076,0.00017907484235524587
63408.62633534202,0.00018172530077876134
63538.71519191097,0.00018373885703124737
63668.80404847991,0.00018509360746573646
63798.89290504886,0.00018577472392933175
63928.981761617804,0.00018577472392933178
64059.07061818675,0.0001850936074657365
64189.159474755696,0.00018373885703124745
64319.24833132464,0.00018172530077876145
64449.33718789359,0.00017907484235524603
64579.42604446253,0.00017581606428488053
64709.51490103148,0.0001719837149431682
64839.603757600424,0.00016761809199607557
64969.69261416937,0.0001627643375958017
65099.781470738315,0.0001574716625554978
65229.87032730726,0.00015179251811603376
65359.959183876206,0.00014578173473628003
65490.04804044515,0.00013949564757331827
65620.13689701409,0.00013299122798079505
65750.22575358304,0.00012632523947281614
65880.31461015198,0.00011955343522622733
66010.40346672093,0.00011272981239040561
66140.49232328987,0.00010590593631803307
66270.58117985883,9.913034540871387e-05
66400.67003642776,9.244804466116084e-05
66530.75889299672,8.590009335142242e-05
66660.84774956566,7.952328958466062e-05
66790.93660613461,7.334995189062846e-05
66921.02546270355,6.74077956242443e-05
67051.1143192725,6.171989975712853e-05
67181.20317584144,5.6304757755838235e-05
67311.29203241039,5.1176404675765824e-05
67441.38088897933,4.6344611380265406e-05
67571.46974554828,4.181513593213386e-05
67701.55860211722,3.759002169571815e-05
67831.64745868617,3.366793151694372e-05
67961.73631525511,3.0044507489691637e-05
68091.82517182406,2.671274623574927e-05
68221.914028393,2.366338028154319e-05
68352.00288496196,2.088525696319364e-05
68482.0917415309,1.836570728549669e-05
68612.18059809985,1.6090898253410133e-05
68742.26945466879,1.404616334161214e-05
68872.35831123774,1.2216306926923423e-05
69002.44716780668,1.0585879642664038e-05
69132.53602437563,9.139422691373505e-06
69262.62488094457,7.86168014679558e-06
69392.71373751352,6.737779167663486e-06
69522.80259408246,5.753378820858011e-06
69652.89145065141,4.8947888618995366e-06
69782.98030722035,4.14906034383163e-06
69913.0691637893,3.504050323327945e-06
70043.15802035824,2.948463211294461e-06
70173.24687692718,2.471871483438682e-06
70303.33573349613,2.0647185357374357e-06
