x,y
57255.488379890114,2.478936176624622e-06
57363.84004944238,2.9677709277086937e-06
57472.19171899465,3.539975058786484e-06
57580.54338854691,4.2070223911214655e-06
57688.89505809917,4.981432387659211e-06
57797.24672765144,5.876766724704395e-06
57905.59839720371,6.907604426458486e-06
58013.95006675598,8.089492218784911e-06
58122.30173630824,9.438866841955573e-06
58230.6534058605,1.0972946264086318e-05
58339.00507541277,1.2709587071257432e-05
58447.356744965036,1.4667105787900824e-05
58555.7084145173,1.686406250906477e-05
58664.06008406957,1.9319006007043074e-05
58772.41175362183,2.2050180405367207e-05
58880.7634231741,2.5075194583687528e-05
58989.115092726366,2.8410656671027648e-05
59097.46676227863,3.207177727841801e-05
59205.8184318309,3.607194648372038e-05
59314.17010138316,4.042229097326519e-05
59422.521770935426,4.513121912199941e-05
59530.873440487696,5.0203963106100324e-05
59639.22511003996,5.5642128335481165e-05
59747.57677959223,6.144326151216937e-05
59855.92844914449,6.760044940807516e-05
59964.280118696755,7.41019609585413e-05
60072.631788249026,8.093094543745039e-05
60180.98345780129,8.806519927444413e-05
60289.33512735355,9.547701346382461e-05
60397.68679690582,0.00010313311247928568
60506.038466458085,0.00011099469414455057
60614.390136010355,0.00011901757802895389
60722.74180556262,0.00012715246766761357
60831.09347511488,0.00013534532929393997
60939.44514466715,0.00014353788688015778
61047.796814219415,0.00015166823018716657
61156.14848377168,0.00015967152931940876
61264.50015332395,0.00016748084606489663
61372.85182287621,0.00017502802918354664
61481.20349242848,0.00018224467789959277
61589.555161980745,0.0001890631552656787
61697.90683153301,0.00019541763090070335
61806.25850108528,0.0002012451309531466
61914.61017063754,0.00020648657208409725
62022.961840189804,0.0002110877558581563
62131.313509742075,0.00021500030021245748
62239.66517929434,0.00021818248565660817
62348.0168488466,0.00022059999552614276
62456.36851839887,0.0002222265319301246
62564.720187951134,0.00022304429193608974
62673.071857503404,0.00022304429193608974
62781.42352705567,0.0002222265319301246
62889.77519660793,0.00022059999552614287
62998.1268661602,0.00021818248565660817
63106.478535712464,0.00021500030021245748
63214.830205264734,0.0002110877558581563
63323.181874817,0.00020648657208409725
63431.53354436926,0.0002012451309531466
63539.88521392153,0.00019541763090070335
63648.23688347379,0.0001890631552656787
63756.58855302606,0.00018224467789959277
63864.94022257833,0.00017502802918354664
63973.29189213059,0.00016748084606489663
64081.64356168285,0.00015967152931940928
64189.99523123512,0.00015166823018716657
64298.34690078739,0.00014353788688015778
64406.69857033966,0.00013534532929393997
64515.05023989192,0.00012715246766761357
64623.40190944418,0.00011901757802895389
64731.75357899645,0.00011099469414455057
64840.105248548716,0.00010313311247928568
64948.45691810099,9.547701346382461e-05
65056.80858765325,8.806519927444413e-05
65165.16025720551,8.093094543745039e-05
65273.51192675778,7.41019609585413e-05
65381.863596310046,6.760044940807516e-05
65490.21526586231,6.144326151216937e-05
65598.56693541458,5.5642128335481165e-05
65706.91860496684,5.020396310610068e-05
65815.2702745191,4.513121912199974e-05
65923.62194407138,4.042229097326519e-05
66031.97361362365,3.607194648372011e-05
66140.3252831759,3.207177727841828e-05
66248.67695272817,2.8410656671027648e-05
66357.02862228044,2.5075194583687318e-05
66465.3802918327,2.2050180405367403e-05
66573.73196138497,1.9319006007043074e-05
66682.08363093724,1.686406250906477e-05
66790.4353004895,1.4667105787900961e-05
66898.78697004177,1.2709587071257432e-05
67007.13863959404,1.0972946264086318e-05
67115.49030914629,9.438866841955666e-06
67223.84197869856,8.089492218784911e-06
67332.19364825083,6.907604426458486e-06
67440.5453178031,5.876766724704333e-06
67548.89698735536,4.981432387659266e-06
67657.24865690763,4.2070223911214655e-06
67765.6003264599,3.539975058786443e-06
67873.95199601215,2.9677709277087306e-06
67982.30366556442,2.478936176624622e-06
