x,y
56176.527586275915,1.979828219403817e-06
56312.194343027,2.3702411892686945e-06
56447.861099778085,2.8272379835588067e-06
56583.52785652917,3.359982289236357e-06
56719.19461328025,3.978472905893335e-06
56854.861370031336,4.693541007685646e-06
56990.52812678242,5.516830284272453e-06
57126.1948835335,6.460757290333058e-06
57261.86164028458,7.538449399832335e-06
57397.52839703567,8.763657922496637e-06
57533.19515378675,1.0150644206946682e-05
57668.86191053783,1.1714036936362897e-05
57804.52866728892,1.3468659324137335e-05
57940.19542404,1.5429325540625843e-05
58075.86218079108,1.7610606445275046e-05
58211.52893754217,2.0026565553383253e-05
58347.19569429325,2.269046712032849e-05
58482.86245104433,2.5614459259174895e-05
58618.52920779542,2.880923609519303e-05
58754.1959645465,3.2283684072412176e-05
58889.862721297584,3.6044518627137705e-05
59025.52947804867,4.009591849141693e-05
59161.196234799754,4.4439165842612964e-05
59296.862991550835,4.907230132872495e-05
59432.529748301924,5.39898036280722e-05
59568.196505053005,5.918230360357356e-05
59703.86326180409,6.463634324715308e-05
59839.53001855517,7.03341894458812e-05
59975.196775306256,7.625371211350171e-05
60110.86353205734,8.23683354040448e-05
60246.53028880842,8.864706955493055e-05
60382.19704555951,9.505462940464382e-05
60517.86380231059,0.00010155164381761034
60653.53055906167,0.00010809495816286223
60789.19731581276,0.0001146380296833118
60924.86407256384,0.0001211314131211116
61060.53082931492,0.00012752333140434807
61196.197586066,0.0001337603236322121
61331.86434281709,0.000139787960106362
61467.53109956817,0.0001455516118341794
61603.19785631925,0.00015099725986257053
61738.86461307034,0.00015607232807141277
61874.53136982142,0.00016072652173771093
62010.198126572504,0.0001649126533369237
62145.86488332359,0.00016858743672362202
62281.531640074674,0.000171712231058933
62417.198396825755,0.00017425371663694578
62552.865153576844,0.00017618448609584694
62688.531910327925,0.00017748353635089445
62824.19866707901,0.00017813664890448753
62959.865423830095,0.00017813664890448753
63095.53218058118,0.00017748353635089445
63231.19893733226,0.00017618448609584694
63366.865694083346,0.00017425371663694578
63502.53245083443,0.000171712231058933
63638.19920758551,0.00016858743672362202
63773.8659643366,0.0001649126533369237
63909.53272108768,0.00016072652173771093
64045.19947783876,0.00015607232807141277
64180.86623458985,0.00015099725986257053
64316.53299134093,0.0001455516118341794
64452.19974809201,0.000139787960106362
64587.8665048431,0.0001337603236322121
64723.53326159418,0.00012752333140434807
64859.20001834526,0.0001211314131211116
64994.86677509634,0.0001146380296833118
65130.533531847424,0.00010809495816286257
65266.20028859851,0.00010155164381761034
65401.867045349594,9.505462940464382e-05
65537.53380210068,8.864706955493089e-05
65673.20055885176,8.23683354040448e-05
65808.86731560285,7.625371211350138e-05
65944.53407235393,7.033418944588152e-05
66080.20082910502,6.463634324715308e-05
66215.86758585609,5.918230360357385e-05
66351.53434260718,5.39898036280722e-05
66487.20109935827,4.907230132872495e-05
66622.86785610934,4.443916584261321e-05
66758.53461286043,4.009591849141693e-05
66894.20136961152,3.6044518627137705e-05
67029.86812636259,3.2283684072412366e-05
67165.53488311368,2.880923609519303e-05
67301.20163986477,2.5614459259174895e-05
67436.86839661584,2.2690467120328645e-05
67572.53515336693,2.0026565553383253e-05
67708.20191011802,1.7610606445275046e-05
67843.8686668691,1.5429325540625955e-05
67979.53542362018,1.3468659324137335e-05
68115.20218037127,1.1714036936362897e-05
68250.86893712234,1.0150644206946764e-05
68386.53569387343,8.763657922496637e-06
68522.20245062452,7.538449399832335e-06
68657.8692073756,6.460757290333109e-06
68793.53596412668,5.516830284272453e-06
68929.20272087777,4.693541007685609e-06
69064.86947762885,3.97847290589337e-06
69200.53623437994,3.359982289236357e-06
69336.20299113102,2.8272379835587796e-06
69471.8697478821,2.3702411892687157e-06
69607.53650463319,1.979828219403817e-06
