x,y
59647.75086305328,5.700050095104788e-06
59694.87270741768,6.8240736160335624e-06
59741.994551782074,8.139796159649084e-06
59789.11639614647,9.673600557668149e-06
59836.238240510866,1.14542739836478e-05
59883.36008487527,1.3513000069921812e-05
59930.481929239664,1.5883301732113745e-05
59977.60377360406,1.8600927012900953e-05
60024.725617968455,2.170367044843742e-05
60071.84746233285,2.5231122925217673e-05
60118.96930669725,2.9224343763826175e-05
60166.09115106164,3.37254498641718e-05
60213.21299542604,3.877711819089042e-05
60260.334839790434,4.4421999673148176e-05
60307.45668415484,5.070204473268462e-05
60354.57852851923,5.7657743115490563e-05
60401.70037288363,6.532728344792828e-05
60448.822217248024,7.374564091236317e-05
60495.94406161242,8.294360456875874e-05
60543.065905976815,9.294675904897325e-05
60590.18775034121,0.00010377443851693822
60637.309594705606,0.00011543867380531332
60684.43143907,0.00012794315638345495
60731.553283434405,0.00014128224515359196
60778.6751277988,0.00015544004388297423
60825.796972163196,0.000170389578236061
60872.91881652759,0.0001860921017602746
60920.04066089199,0.00020249655970700113
60967.16250525638,0.0002195392381645814
61014.28434962078,0.0002371436235992355
61061.406193985174,0.0002552204945333566
61108.52803834957,0.00027366826276536185
61155.64988271397,0.00029237357631710224
61202.77172707837,0.0003112121902889671
61249.893571442764,0.0003300501051529366
61297.01541580716,0.0003487449648985603
61344.137260171556,0.0003671477000758753
61391.25910453595,0.0003851043933855147
61438.38094890035,0.00040245833829901783
61485.50279326474,0.000419052254507157
61532.62463762914,0.00043473061804290085
61579.74648199354,0.000449342058946187
61626.86832635794,0.0004627417755429163
61673.99017072233,0.00047479391197897475
61721.11201508673,0.00048537384471634395
61768.233859451124,0.0004943703243470543
61815.35570381552,0.0005016874213399547
61862.477548179915,0.0005072462281747964
61909.59939254431,0.0005109862756482379
61956.72123690871,0.0005128666278104793
62003.84308127311,0.0005128666278104793
62050.964925637505,0.0005109862756482379
62098.0867700019,0.0005072462281747964
62145.2086143663,0.0005016874213399547
62192.33045873069,0.0004943703243470543
62239.45230309509,0.00048537384471634395
62286.57414745948,0.00047479391197897475
62333.69599182388,0.0004627417755429163
62380.817836188275,0.000449342058946187
62427.93968055268,0.00043473061804290085
62475.06152491707,0.000419052254507157
62522.18336928147,0.00040245833829901783
62569.305213645865,0.0003851043933855147
62616.42705801026,0.0003671477000758753
62663.548902374656,0.0003487449648985603
62710.67074673905,0.0003300501051529366
62757.79259110345,0.0003112121902889671
62804.91443546784,0.00029237357631710224
62852.036279832246,0.00027366826276536185
62899.15812419664,0.0002552204945333566
62946.27996856104,0.0002371436235992355
62993.40181292543,0.0002195392381645814
63040.52365728983,0.00020249655970700113
63087.645501654224,0.0001860921017602746
63134.76734601862,0.000170389578236061
63181.889190383015,0.00015544004388297423
63229.01103474741,0.00014128224515359196
63276.132879111814,0.00012794315638345495
63323.25472347621,0.00011543867380531332
63370.376567840605,0.00010377443851693822
63417.498412205,9.294675904897325e-05
63464.6202565694,8.294360456875874e-05
63511.74210093379,7.374564091236317e-05
63558.86394529819,6.532728344792828e-05
63605.98578966258,5.7657743115490563e-05
63653.10763402698,5.070204473268462e-05
63700.22947839138,4.4421999673148176e-05
63747.35132275578,3.877711819089042e-05
63794.47316712017,3.37254498641718e-05
63841.59501148457,2.9224343763826175e-05
63888.716855848965,2.5231122925217673e-05
63935.83870021336,2.170367044843742e-05
63982.960544577756,1.8600927012900953e-05
64030.08238894215,1.5883301732113745e-05
64077.20423330655,1.3513000069921812e-05
64124.32607767095,1.14542739836478e-05
64171.447922035346,9.673600557668149e-06
64218.56976639974,8.139796159649084e-06
64265.69161076414,6.8240736160335624e-06
64312.81345512853,5.700050095104788e-06
