x,y
59507.0637536819,3.6974728212703362e-06
59579.70712022827,4.426597363995315e-06
59652.35048677464,5.280072028986253e-06
59724.99385332101,6.27501066640119e-06
59797.637219867385,7.430086759815391e-06
59870.280586413755,8.76552831268431e-06
59942.923952960125,1.0303080760108114e-05
60015.567319506496,1.2065932918677288e-05
60088.210686052866,1.4078601111562745e-05
60160.854052599236,1.6366766907231627e-05
60233.497419145606,1.8957064408786127e-05
60306.14078569198,2.1876813743265966e-05
60378.78415223835,2.5153698336991893e-05
60451.42751878472,2.8815384727759847e-05
60524.07088533109,3.288908505259164e-05
60596.71425187746,3.74010639465081e-05
60669.35761842383,4.2376093368649355e-05
60742.000984970204,4.783686080141604e-05
60814.64435151658,5.380333829952891e-05
60887.28771806295,6.0292121941856316e-05
60959.93108460932,6.731575329285278e-05
61032.57445115569,7.488203643775161e-05
61105.21781770206,8.299336593579147e-05
61177.86118424843,9.16460825549742e-05
61250.5045507948,0.00010082987482653059
61323.14791734118,0.00011052724520730373
61395.79128388755,0.00012071305989093274
61468.43465043392,0.00013135420100261974
61541.07801698029,0.0001424093390009106
61613.72138352666,0.0001538288415655816
61686.36475007303,0.00016555483306694184
61759.0081166194,0.00017752141590618995
61831.65148316577,0.00018965506163156484
61904.29484971215,0.00020187517583919307
61976.93821625852,0.00021409483655388605
62049.58158280489,0.00022622170116973737
62122.22494935126,0.00023815907224891358
62194.86831589763,0.0002498071076809706
62267.511682444,0.0002610641560557924
62340.155048990375,0.00027182819376674717
62412.798415536745,0.00028199833650026374
62485.441782083115,0.0002914763945380147
62558.085148629485,0.00030016843883630656
62630.728515175855,0.00030798634326996053
62703.371881722225,0.00031484926782230575
62776.015248268595,0.00032068504792364766
62848.658614814965,0.00032543145660610535
62921.30198136134,0.00032903730863329596
62993.94534790771,0.0003314633792208486
63066.58871445408,0.0003326831142930501
63139.23208100045,0.0003326831142930501
63211.87544754682,0.0003314633792208486
63284.51881409319,0.00032903730863329596
63357.16218063956,0.0003254314566061058
63429.80554718594,0.00032068504792364766
63502.44891373231,0.00031484926782230575
63575.09228027868,0.00030798634326996053
63647.73564682505,0.00030016843883630656
63720.37901337142,0.0002914763945380147
63793.02237991779,0.00028199833650026374
63865.66574646416,0.00027182819376674717
63938.30911301054,0.0002610641560557924
64010.95247955691,0.0002498071076809706
64083.59584610328,0.00023815907224891358
64156.23921264965,0.00022622170116973737
64228.88257919602,0.00021409483655388605
64301.52594574239,0.00020187517583919307
64374.16931228876,0.00018965506163156606
64446.81267883514,0.00017752141590618995
64519.45604538151,0.00016555483306694184
64592.09941192788,0.0001538288415655816
64664.74277847425,0.0001424093390009106
64737.38614502062,0.00013135420100261974
64810.02951156699,0.00012071305989093274
64882.67287811336,0.00011052724520730373
64955.31624465973,0.00010082987482653154
65027.959611206104,9.16460825549742e-05
65100.602977752475,8.299336593579147e-05
65173.246344298845,7.488203643775161e-05
65245.889710845215,6.731575329285278e-05
65318.533077391585,6.0292121941856316e-05
65391.176443937955,5.380333829952891e-05
65463.81981048433,4.783686080141604e-05
65536.4631770307,4.2376093368649355e-05
65609.10654357707,3.74010639465081e-05
65681.74991012344,3.288908505259164e-05
65754.39327666981,2.8815384727759847e-05
65827.03664321618,2.5153698336991893e-05
65899.68000976255,2.1876813743265966e-05
65972.32337630892,1.8957064408786394e-05
66044.9667428553,1.6366766907231868e-05
66117.61010940166,1.4078601111562964e-05
66190.25347594803,1.2065932918677479e-05
66262.89684249442,1.0303080760107946e-05
66335.54020904079,8.765528312684167e-06
66408.18357558716,7.430086759815266e-06
66480.82694213353,6.27501066640119e-06
66553.4703086799,5.280072028986253e-06
66626.11367522627,4.426597363995315e-06
66698.75704177264,3.6974728212703362e-06
