x,y
52120.884515573605,1.1446874399633332e-06
52355.53099117344,1.3704145099298855e-06
52590.17746677326,1.6346386913009824e-06
52824.82394237309,1.9426581999857966e-06
53059.47041797292,2.3002540932475014e-06
53294.116893572755,2.7136886866217414e-06
53528.76336917258,3.189694071901679e-06
53763.40984477241,3.7354491922146754e-06
53998.05632037224,4.358543968721563e-06
54232.70279597207,5.066929066723727e-06
54467.3492715719,5.868850043327173e-06
54701.99574717173,6.772764839345025e-06
54936.64222277156,7.787243868120884e-06
55171.28869837139,8.920852314539901e-06
55405.935173971215,1.0182014687170229e-05
55640.581649571046,1.157886216081074e-05
55875.22812517088,1.3119063798051358e-05
56109.87460077071,1.4809643335753366e-05
56344.52107637053,1.665678385119505e-05
56579.167551970364,1.86656232653168e-05
56813.814027570195,2.0840044276383555e-05
57048.46050317002,2.318246292334366e-05
57283.10697876985,2.5693620529262302e-05
57517.75345436968,2.8372384245539655e-05
57752.39992996951,3.121556178128996e-05
57987.046405569345,3.421773613445499e-05
58221.69288116917,3.737112621945314e-05
58456.339356769,4.066547919139488e-05
58690.98583236883,4.4087999984761364e-05
58925.632307968655,4.7623323106329765e-05
59160.27878356849,5.125353104606317e-05
59394.92525916832,5.495822280108251e-05
59629.57173476815,5.871463495992287e-05
59864.21821036797,6.249781658817403e-05
60098.864685967805,6.628085782116322e-05
60333.511161567636,7.003517064046118e-05
60568.15763716746,7.3730818830735e-05
60802.80411276729,7.733689262866024e-05
61037.45058836712,8.082192213627167e-05
61272.097063966954,8.415432222861022e-05
61506.743539566785,8.730286049039825e-05
61741.39001516661,9.023713871650009e-05
61976.03649076644,9.292807774886364e-05
62210.68296636627,9.534839493430893e-05
62445.329441966096,9.74730633000351e-05
62679.97591756593,9.92797416739681e-05
62914.62239316576,0.00010074916543078037
63149.26886876559,0.00010186548831546702
63383.91534436542,0.00010261656686675762
63618.561819965245,0.00010299418030294023
63853.20829556508,0.00010299418030294023
64087.85477116491,0.0001026165668667576
64322.50124676473,0.00010186548831546702
64557.14772236456,0.00010074916543078037
64791.794197964395,9.92797416739681e-05
65026.440673564226,9.74730633000351e-05
65261.08714916405,9.534839493430893e-05
65495.73362476388,9.292807774886364e-05
65730.3801003637,9.023713871650018e-05
65965.02657596354,8.730286049039825e-05
66199.67305156337,8.415432222861022e-05
66434.3195271632,8.082192213627167e-05
66668.96600276303,7.733689262866024e-05
66903.61247836286,7.3730818830735e-05
67138.2589539627,7.003517064046106e-05
67372.90542956252,6.628085782116311e-05
67607.55190516234,6.249781658817414e-05
67842.19838076217,5.871463495992287e-05
68076.844856362,5.495822280108251e-05
68311.49133196184,5.125353104606317e-05
68546.13780756167,4.7623323106329765e-05
68780.7842831615,4.4087999984761256e-05
69015.43075876133,4.066547919139478e-05
69250.07723436115,3.737112621945324e-05
69484.72370996098,3.421773613445499e-05
69719.37018556081,3.121556178128996e-05
69954.01666116064,2.8372384245539655e-05
70188.66313676047,2.5693620529262302e-05
70423.3096123603,2.318246292334366e-05
70657.95608796013,2.0840044276383487e-05
70892.60256355995,1.8665623265316868e-05
71127.2490391598,1.6656783851194992e-05
71361.89551475961,1.4809643335753366e-05
71596.54199035944,1.3119063798051358e-05
71831.18846595928,1.157886216081074e-05
72065.83494155911,1.0182014687170229e-05
72300.48141715894,8.920852314539862e-06
72535.12789275876,7.787243868120917e-06
72769.7743683586,6.7727648393449955e-06
73004.42084395842,5.868850043327202e-06
73239.06731955825,5.066929066723727e-06
73473.71379515808,4.358543968721563e-06
73708.36027075791,3.7354491922146754e-06
73943.00674635774,3.189694071901679e-06
74177.65322195757,2.7136886866217283e-06
74412.2996975574,2.3002540932474904e-06
74646.94617315722,1.9426581999858067e-06
74881.59264875705,1.634638691300991e-06
75116.23912435689,1.3704145099298855e-06
75350.88559995672,1.1446874399633332e-06
