x,y
59483.524424478004,3.250866522824857e-06
59566.14758712246,3.891922368666125e-06
59648.770749766925,4.642308470367105e-06
59731.39391241138,5.517071549092285e-06
59814.01707505585,6.532629576130136e-06
59896.6402377003,7.706767277004185e-06
59979.26340034477,9.058603523010847e-06
60061.886562989224,1.0608526225353515e-05
60144.50972563369,1.2378090456405303e-05
60227.132888278145,1.4389875787462044e-05
60309.75605092261,1.6667299270744825e-05
60392.37921356707,1.9234381119703063e-05
60475.00237621152,2.2115460965272756e-05
60557.62553885599,2.533486358977719e-05
60640.248701500444,2.8916514260427962e-05
60722.87186414491,3.2883505188271136e-05
60805.495026789366,3.725761620417055e-05
60888.11818943383,4.205879443974586e-05
60970.74135207829,4.7304599587040065e-05
61053.36451472275,5.300962313592159e-05
61135.98767736721,5.918489179408904e-05
61218.61084001167,6.583726701547502e-05
61301.23400265613,7.29688541279177e-05
61383.857165300586,8.057643588672728e-05
61466.48032794505,8.865094631353402e-05
61549.10349058951,9.717700133926191e-05
61631.72665323397,0.00010613250299223487
61714.34981587843,0.00011548833360324991
61796.97297852289,0.00012520815569825236
61879.59614116735,0.0001352483318913652
61962.21930381181,0.0001455579771710852
62044.84246645627,0.0001560791535056161
62127.465629100734,0.0001667472137173171
62210.08879174519,0.0001774912981509171
62292.711954389655,0.00018823498386759188
62375.33511703411,0.00019889708203900028
62457.95827967857,0.00020939257501154834
62540.58144232303,0.000219633680294303
62623.20460496749,0.0002295310246363647
62705.827767611954,0.0002389949075467854
62788.45093025641,0.0002479366302159947
62871.074092900875,0.0002562698629578465
62953.69725554533,0.0002639120221271243
63036.320418189796,0.0002707856260805616
63118.94358083425,0.0002768195992169012
63201.56674347872,0.00028195049350147433
63284.189906123174,0.0002861235981692579
63366.81306876763,0.0002892939104901541
63449.436231412095,0.000291426943520097
63532.05939405655,0.0002924993505679932
63614.68255670102,0.0002924993505679932
63697.30571934547,0.000291426943520097
63779.92888198994,0.0002892939104901541
63862.552044634394,0.0002861235981692579
63945.17520727886,0.00028195049350147395
64027.798369923315,0.0002768195992169012
64110.42153256778,0.00027078562608056104
64193.04469521224,0.0002639120221271243
64275.66785785669,0.0002562698629578465
64358.29102050116,0.0002479366302159947
64440.914183145615,0.0002389949075467854
64523.53734579008,0.0002295310246363647
64606.160508434536,0.000219633680294303
64688.783671079,0.00020939257501154834
64771.40683372346,0.00019889708203900028
64854.02999636792,0.00018823498386759093
64936.65315901238,0.0001774912981509171
65019.27632165684,0.0001667472137173162
65101.8994843013,0.0001560791535056161
65184.522646945756,0.0001455579771710852
65267.14580959022,0.0001352483318913652
65349.76897223468,0.00012520815569825236
65432.39213487914,0.00011548833360324991
65515.0152975236,0.00010613250299223487
65597.63846016806,9.717700133926191e-05
65680.26162281253,8.865094631353327e-05
65762.88478545698,8.057643588672795e-05
65845.50794810144,7.29688541279177e-05
65928.1311107459,6.58372670154744e-05
66010.75427339037,5.9184891794088494e-05
66093.37743603482,5.300962313592159e-05
66176.00059867928,4.7304599587040065e-05
66258.62376132375,4.20587944397454e-05
66341.2469239682,3.725761620417094e-05
66423.87008661266,3.2883505188271136e-05
66506.49324925712,2.8916514260427962e-05
66589.11641190159,2.5334863589776884e-05
66671.73957454604,2.211546096527302e-05
66754.3627371905,1.9234381119703063e-05
66836.98589983497,1.6667299270744608e-05
66919.60906247943,1.4389875787461848e-05
67002.23222512388,1.2378090456405303e-05
67084.85538776834,1.0608526225353515e-05
67167.47855041281,9.05860352301072e-06
67250.10171305726,7.706767277004297e-06
67332.72487570172,6.532629576130136e-06
67415.34803834619,5.517071549092285e-06
67497.97120099065,4.642308470367031e-06
67580.5943636351,3.891922368666188e-06
67663.21752627956,3.250866522824857e-06
