x,y
56955.45313812436,2.317214315374854e-06
57071.36683314542,2.7741582632449204e-06
57187.28052816647,3.309032705093353e-06
57303.19422318753,3.932562928297387e-06
57419.10791820858,4.656451645912552e-06
57535.02161322964,5.493375792008425e-06
57650.9353082507,6.456963278389493e-06
57766.84900327175,7.561746587201593e-06
57882.76269829281,8.823090151872251e-06
57998.676393313865,1.025708866760798e-05
58114.590088334924,1.1880433785157715e-05
58230.50378335598,1.371024708797409e-05
58346.417478377036,1.576387783996539e-05
58462.331173398095,1.8058664720964265e-05
58578.24486841915,2.0611661636842604e-05
58694.15856344021,2.3439328691893643e-05
58810.07225846127,2.6557190527166452e-05
58925.98595348232,2.9979465437571865e-05
59041.89964850338,3.3718669953546685e-05
59157.81334352444,3.778520487406731e-05
59273.72703854549,4.218693002504555e-05
59389.64073356655,4.6928736243790375e-05
59505.5544285876,5.201212420582064e-05
59621.46812360866,5.743480066242924e-05
59737.381818629714,6.31903033935534e-05
59853.29551365077,6.92676666505733e-05
59969.20920867183,7.565113902199486e-05
60085.122903692885,8.231996546314572e-05
60201.036598713945,8.924824465987653e-05
60316.950293735004,9.640487192839694e-05
60432.86398875606,0.00010375357648481871
60548.777683777116,0.00011125306015964365
60664.69137879817,0.00011885724251110846
60780.60507381923,0.0001265156148497863
60896.51876884029,0.0001341737029834491
61012.43246386134,0.00014177363559872338
61128.3461588824,0.00014925481219953102
61244.25985390345,0.00015655466151657935
61360.17354892451,0.0001636094783885106
61476.08724394557,0.00017035532439759312
61592.00093896662,0.00017672897512355375
61707.91463398768,0.00018266889485485968
61823.828329008735,0.00018811621805410193
61939.742024029794,0.00019301571588561595
62055.655719050854,0.00019731672573389622
62171.569414071906,0.00020097402190505853
62287.483109092966,0.00020394860662204155
62403.39680411402,0.00020620840198509648
62519.31049913508,0.00020772882573594798
62635.22419415614,0.0002084932363771867
62751.13788917719,0.0002084932363771867
62867.05158419825,0.00020772882573594798
62982.96527921931,0.00020620840198509648
63098.87897424036,0.00020394860662204155
63214.79266926142,0.00020097402190505853
63330.70636428247,0.00019731672573389622
63446.62005930353,0.00019301571588561595
63562.533754324584,0.00018811621805410225
63678.447449345644,0.00018266889485485968
63794.3611443667,0.00017672897512355375
63910.274839387755,0.00017035532439759312
64026.188534408815,0.0001636094783885106
64142.102229429875,0.00015655466151657935
64258.01592445093,0.00014925481219953102
64373.92961947199,0.00014177363559872338
64489.84331449304,0.0001341737029834491
64605.7570095141,0.0001265156148497863
64721.67070453516,0.00011885724251110846
64837.58439955621,0.00011125306015964365
64953.49809457727,0.00010375357648481871
65069.41178959832,9.640487192839694e-05
65185.32548461938,8.924824465987653e-05
65301.23917964044,8.231996546314572e-05
65417.15287466149,7.565113902199486e-05
65533.06656968255,6.92676666505733e-05
65648.98026470361,6.31903033935534e-05
65764.89395972466,5.743480066242924e-05
65880.80765474572,5.201212420582098e-05
65996.72134976678,4.6928736243790064e-05
66112.63504478784,4.218693002504555e-05
66228.54873980889,3.778520487406731e-05
66344.46243482994,3.371866995354693e-05
66460.376129851,2.9979465437571865e-05
66576.28982487206,2.6557190527166452e-05
66692.20351989311,2.3439328691893826e-05
66808.11721491418,2.0611661636842604e-05
66924.03090993523,1.8058664720964265e-05
67039.94460495628,1.576387783996552e-05
67155.85829997735,1.3710247087973975e-05
67271.7719949984,1.1880433785157715e-05
67387.68569001945,1.0257088667608077e-05
67503.59938504052,8.823090151872167e-06
67619.51308006157,7.561746587201593e-06
67735.42677508263,6.456963278389493e-06
67851.34047010369,5.493375792008369e-06
67967.25416512474,4.656451645912552e-06
68083.1678601458,3.932562928297387e-06
68199.08155516685,3.309032705093388e-06
68314.99525018792,2.774158263244888e-06
68430.90894520897,2.317214315374854e-06
