x,y
56814.72102106171,1.90779536877136e-06
56955.510163255596,2.2840037935814536e-06
57096.29930544949,2.724373497955389e-06
57237.08844764337,3.2377347629125065e-06
57377.877589837255,3.83372259787833e-06
57518.666732031146,4.522774102238793e-06
57659.45587422503,5.316109328819413e-06
57800.245016418914,6.225693076020926e-06
57941.034158612805,7.264175099518599e-06
58081.82330080669,8.44480638985443e-06
58222.61244300058,9.781329419524223e-06
58363.401585194464,1.1287840630708605e-05
58504.19072738835,1.297862391813263e-05
58644.97986958224,1.486795446250169e-05
58785.76901177612,1.696987298608566e-05
58926.55815397001,1.92979313259034e-05
59067.3472961639,2.186491113883461e-05
59208.13643835778,2.4682518548478884e-05
59348.925580551666,2.7761058591639025e-05
59489.71472274556,3.110909439343807e-05
59630.50386493944,3.4733097059882146e-05
59771.293007133325,3.863709328660522e-05
59912.082149327216,4.2822318601019554e-05
60052.8712915211,4.72868849389801e-05
60193.66043371499,5.202547186317407e-05
60334.449575908875,5.702905111743379e-05
60475.23871810276,6.228465434156082e-05
60616.02786029665,6.777519361328558e-05
60756.817002490534,7.347934401378022e-05
60897.60614468442,7.937149661628852e-05
61038.39528687831,8.542178917066684e-05
61179.18442907219,9.159622030898484e-05
61319.97357126608,9.785685135081872e-05
61460.76271345997,0.00010416209777671645
61601.55185565385,0.00011046711021259924
61742.34099784774,0.00011672424238643104
61883.13014004163,0.00012288360105139418
62023.91928223551,0.0001288936703951704
62164.708424429395,0.00013470200105604091
62305.497566623286,0.00014025595162901172
62446.28670881717,0.00014550346855330928
62587.07585101106,0.00015039388860598612
62727.864993204945,0.00015487874695627388
62868.65413539883,0.00015891257292146313
63009.44327759272,0.00016245365525258178
63150.232419786604,0.00016546475899524097
63291.02156198049,0.0001679137767271895
63431.81070417438,0.00016977429825918686
63572.59984636826,0.00017102608466979126
63713.38898856215,0.00017165543477846206
63854.17813075604,0.00017165543477846203
63994.96727294992,0.0001710260846697912
64135.75641514381,0.00016977429825918667
64276.5455573377,0.00016791377672718938
64417.33469953158,0.00016546475899524083
64558.123841725464,0.0001624536552525816
64698.912983919356,0.00015891257292146292
64839.70212611324,0.00015487874695627364
64980.49126830713,0.00015039388860598564
65121.280410501015,0.000145503468553309
65262.0695526949,0.00014025595162901145
65402.85869488879,0.00013470200105604062
65543.64783708268,0.00012889367039516978
65684.43697927656,0.00012288360105139356
65825.22612147045,0.00011672424238643039
65966.01526366433,0.00011046711021259893
66106.80440585822,0.00010416209777671612
66247.5935480521,9.785685135081872e-05
66388.382690246,9.159622030898419e-05
66529.17183243988,8.542178917066623e-05
66669.96097463377,7.937149661628821e-05
66810.75011682765,7.347934401377993e-05
66951.53925902153,6.777519361328528e-05
67092.32840121543,6.228465434156025e-05
67233.11754340932,5.7029051117433256e-05
67373.9066856032,5.202547186317356e-05
67514.69582779708,4.728688493897987e-05
67655.48496999097,4.282231860101932e-05
67796.27411218485,3.863709328660522e-05
67937.06325437874,3.4733097059882146e-05
68077.85239657263,3.110909439343771e-05
68218.64153876652,2.776105859163886e-05
68359.4306809604,2.468251854847874e-05
68500.21982315429,2.1864911138834478e-05
68641.00896534817,1.92979313259034e-05
68781.79810754207,1.6969872986085432e-05
68922.58724973595,1.4867954462501478e-05
69063.37639192984,1.2978623918132536e-05
69204.16553412372,1.1287840630708524e-05
69344.9546763176,9.781329419524148e-06
69485.74381851149,8.44480638985443e-06
69626.53296070539,7.264175099518483e-06
69767.32210289927,6.225693076020874e-06
69908.11124509315,5.316109328819368e-06
70048.90038728704,4.522774102238755e-06
70189.68952948092,3.83372259787833e-06
70330.47867167482,3.23773476291245e-06
70471.2678138687,2.7243734979553405e-06
70612.05695606259,2.2840037935814332e-06
70752.84609825647,1.9077953687713433e-06
