x,y
60820.49113733982,2.719656328644622e-05
60830.36727024021,3.255959980583571e-05
60840.2434031406,3.883728698889718e-05
60850.11953604099,4.615550484378663e-05
60859.99566894138,5.465160517871971e-05
60869.871801841764,6.447437398961982e-05
60879.747934742154,7.578375865961349e-05
60889.624067642544,8.8750323287046e-05
60899.500200542934,0.00010355439637381541
60909.376333443324,0.00012038487732118142
60919.252466343714,0.00013943767184789068
60929.128599244104,0.00016091373168501395
60939.004732144494,0.00018501668079203018
60948.880865044885,0.00021195001890577297
60958.756997945275,0.00024191390344252293
60968.63313084566,0.0002751015225183183
60978.50926374605,0.00031169508495178504
60988.38539664644,0.00035186146730447146
60998.26152954683,0.0003957475729550943
61008.13766244722,0.00044347547347283053
61018.01379534761,0.0004951374176632485
61027.889928248,0.0005507908080572656
61037.76606114839,0.0006104532577071007
61047.64219404878,0.0006740978513277934
61057.51832694917,0.0007416487434631321
61067.39445984955,0.0008129772318715985
61077.27059274994,0.0008878984461868853
61087.14672565033,0.0009661687896547748
61097.02285855072,0.0010474842650468649
61106.89899145111,0.0011314798044902421
61116.7751243515,0.001217729706890749
61126.65125725189,0.001305749265990123
61136.52739015228,0.0013949976471998922
61146.40352305267,0.0014848820426992932
61156.27965595306,0.001574763102555708
61166.155788853444,0.0016639616056775323
61176.031921753834,0.0017517662992403884
61185.908054654225,0.0018374427999487523
61195.784187554615,0.0019202434163003456
61205.660320455005,0.0019994177191213426
61215.536453355395,0.0020742236592470264
61225.412586255785,0.002143939007463638
61235.288719156175,0.0022078728737214785
61245.164852056565,0.0022653770510271593
61255.040984956955,0.0023158569249681496
61264.91711785734,0.0023587816929174356
61274.79325075773,0.0023936936477459403
61284.66938365812,0.0024202162991890843
61294.54551655851,0.0024380611314464592
61304.4216494589,0.0024470328274364874
61314.29778235929,0.0024470328274364874
61324.17391525968,0.0024380611314464592
61334.05004816007,0.0024202162991890843
61343.92618106046,0.0023936936477459403
61353.80231396085,0.0023587816929174356
61363.67844686123,0.0023158569249681496
61373.55457976162,0.0022653770510271593
61383.43071266201,0.0022078728737214785
61393.3068455624,0.002143939007463638
61403.18297846279,0.0020742236592470264
61413.05911136318,0.0019994177191213426
61422.93524426357,0.0019202434163003456
61432.81137716396,0.0018374427999487523
61442.68751006435,0.0017517662992403884
61452.56364296474,0.0016639616056775323
61462.439775865125,0.001574763102555708
61472.315908765515,0.0014848820426992932
61482.192041665905,0.0013949976471998922
61492.068174566295,0.001305749265990123
61501.944307466685,0.001217729706890749
61511.820440367075,0.0011314798044902421
61521.696573267465,0.0010474842650468649
61531.572706167855,0.0009661687896547748
61541.448839068245,0.0008878984461868853
61551.324971968636,0.0008129772318715985
61561.20110486902,0.0007416487434631321
61571.07723776941,0.0006740978513277934
61580.9533706698,0.0006104532577071007
61590.82950357019,0.0005507908080572656
61600.70563647058,0.0004951374176632485
61610.58176937097,0.00044347547347283053
61620.45790227136,0.0003957475729550943
61630.33403517175,0.00035186146730447146
61640.21016807214,0.00031169508495178504
61650.08630097253,0.0002751015225183183
61659.96243387291,0.00024191390344252293
61669.8385667733,0.00021195001890577297
61679.71469967369,0.00018501668079203018
61689.59083257408,0.00016091373168501395
61699.46696547447,0.00013943767184789068
61709.34309837486,0.00012038487732118142
61719.21923127525,0.00010355439637381541
61729.09536417564,8.8750323287046e-05
61738.97149707603,7.578375865961349e-05
61748.847629976415,6.447437398962762e-05
61758.723762876805,5.465160517871971e-05
61768.599895777195,4.615550484378663e-05
61778.476028677585,3.883728698889718e-05
61788.352161577975,3.255959980583571e-05
61798.228294478366,2.719656328644622e-05
