x,y
52727.55359045838,1.2104330563811504e-06
52949.455059552274,1.4491248578884042e-06
53171.35652864617,1.7285248689840755e-06
53393.25799774006,2.054235610891334e-06
53615.15946683395,2.432370178388622e-06
53837.060935927846,2.869550565803115e-06
54058.96240502174,3.372895525521337e-06
54280.86387411563,3.9499963263628984e-06
54502.765343209525,4.6088788198814085e-06
54724.66681230341,5.3579503212661436e-06
54946.5682813973,6.205929974749005e-06
55168.4697504912,7.161761506618584e-06
55390.37121958509,8.23450757560233e-06
55612.27268867898,9.433225311670443e-06
55834.174157772875,1.076682308867127e-05
56056.07562686677,1.2243899098932305e-05
56277.97709596066,1.387256288095836e-05
56499.878565054554,1.5660241582964214e-05
56721.78003414845,1.7613473409936306e-05
56943.68150324234,1.9737691381518298e-05
57165.58297233623,2.2037001200423274e-05
57387.484441430126,2.4513957671837882e-05
57609.38591052402,2.7169344697036844e-05
57831.287379617905,3.000196436177281e-05
58053.1888487118,3.3008441024557436e-05
58275.09031780569,3.618304655548474e-05
58496.99178689958,3.951755295896959e-05
58718.89325599348,4.300111851355756e-05
58940.79472508737,4.662021326362774e-05
59162.69619418126,5.035858919223247e-05
59384.597663275155,5.419729968942404e-05
59606.49913236905,5.811477201193134e-05
59828.40060146294,6.208693532194201e-05
60050.302070556834,6.608740561737555e-05
60272.20353965073,7.008772745388463e-05
60494.10500874462,7.405767084788158e-05
60716.00647783851,7.7965580184605e-05
60937.907946932406,8.177877038515304e-05
61159.8094160263,8.5463964064409e-05
61381.71088512019,8.898776199215018e-05
61603.612354214085,9.231713790586784e-05
61825.51382330798,9.541994766641432e-05
62047.41529240187,9.826544194176292e-05
62269.31676149576,0.00010082477108779085
62491.21823058965,0.00010307147069672926
62713.11969968354,0.00010498191642165788
62935.021168777435,0.00010653573716519142
63156.92263787133,0.00010771617653583986
63378.82410696522,0.00010851039360740145
63600.725576059114,0.0001089096954340239
63822.62704515301,0.0001089096954340239
64044.5285142469,0.00010851039360740145
64266.42998334079,0.00010771617653583986
64488.331452434686,0.00010653573716519142
64710.23292152857,0.00010498191642165794
64932.134390622465,0.00010307147069672933
65154.03585971636,0.00010082477108779093
65375.93732881025,9.826544194176292e-05
65597.83879790414,9.541994766641432e-05
65819.74026699804,9.231713790586784e-05
66041.64173609193,8.898776199215018e-05
66263.54320518582,8.5463964064409e-05
66485.44467427972,8.177877038515304e-05
66707.34614337361,7.7965580184605e-05
66929.2476124675,7.405767084788158e-05
67151.1490815614,7.008772745388463e-05
67373.05055065529,6.608740561737555e-05
67594.95201974918,6.208693532194201e-05
67816.85348884307,5.811477201193134e-05
68038.75495793697,5.419729968942404e-05
68260.65642703086,5.035858919223247e-05
68482.55789612475,4.662021326362774e-05
68704.45936521864,4.300111851355756e-05
68926.36083431254,3.951755295896959e-05
69148.26230340643,3.618304655548474e-05
69370.16377250032,3.3008441024557436e-05
69592.06524159422,3.000196436177281e-05
69813.96671068811,2.7169344697036753e-05
70035.868179782,2.4513957671837794e-05
70257.7696488759,2.20370012004232e-05
70479.67111796979,1.9737691381518223e-05
70701.57258706368,1.7613473409936234e-05
70923.47405615757,1.566024158296415e-05
71145.37552525147,1.38725628809583e-05
71367.27699434536,1.2243899098932251e-05
71589.17846343924,1.0766823088671317e-05
71811.07993253313,9.433225311670486e-06
72032.98140162702,8.234507575602367e-06
72254.88287072092,7.1617615066186175e-06
72476.78433981481,6.205929974749038e-06
72698.6858089087,5.35795032126617e-06
72920.5872780026,4.6088788198814085e-06
73142.48874709649,3.9499963263628984e-06
73364.39021619038,3.372895525521337e-06
73586.29168528428,2.869550565803115e-06
73808.19315437817,2.432370178388622e-06
74030.09462347206,2.054235610891334e-06
74251.99609256595,1.7285248689840755e-06
74473.89756165985,1.4491248578884042e-06
74695.79903075374,1.2104330563811504e-06
