x,y
52384.264387856885,1.1732070205092569e-06
52613.206824064095,1.4045580198809513e-06
52842.1492602713,1.6753652758623846e-06
53071.09169647851,1.9910590079910547e-06
53300.034132685716,2.3575643070212863e-06
53528.97656889292,2.781299512400643e-06
53757.91900510013,3.2691644441837195e-06
53986.86144130733,3.8285169069403395e-06
54215.80387751454,4.46713592268139e-06
54444.74631372175,5.193170245401749e-06
54673.68874992895,6.015070868051142e-06
54902.63118613616,6.941506458769518e-06
55131.57362234337,7.981260960450237e-06
55360.51605855057,9.143112957262517e-06
55589.45849475778,1.043569685214605e-05
55818.40093096499,1.1867346405938795e-05
56047.343367172194,1.344592175386816e-05
56276.285803379404,1.5178621627315555e-05
56505.228239586606,1.707178315327122e-05
56734.170675793815,1.9130672262597727e-05
56963.113112001025,2.1359268389945878e-05
57192.05554820823,2.376004776922641e-05
57420.99798441544,2.6333770193369842e-05
57649.940420622646,2.907927458915733e-05
57878.88285682985,3.1993289130631834e-05
58107.82529303706,3.507026185258191e-05
58336.76772924427,3.8302217805765726e-05
58565.71016545147,4.167864869841296e-05
58794.65260165868,4.5186440679379466e-05
59023.59503786589,4.8809845428300046e-05
59252.53747407309,5.253049902518058e-05
59481.4799102803,5.632749218162745e-05
59710.4223464875,6.0177494341884285e-05
59939.36478269471,6.40549329257026e-05
60168.30721890192,6.793222761634854e-05
60397.249655109124,7.178007813258136e-05
60626.192091316334,7.556780240629281e-05
60855.134527523536,7.926372056569513e-05
61084.076963730746,8.283557864875631e-05
61313.019399937955,8.62510045956004e-05
61541.96183614516,8.947798784369993e-05
61770.90427235237,9.248537282479181e-05
61999.84670855958,9.52433558814002e-05
62228.78914476678,9.772397462035877e-05
62457.73158097399,9.990157852855208e-05
62686.6740171812,0.00010175326980959588
62915.6164533884,0.00010325930386518961
63144.55888959561,0.00010440343963513523
63373.50132580282,0.00010517323110708175
63602.44376201002,0.00010556025268074579
63831.38619821723,0.0001055602526807458
64060.32863442444,0.00010517323110708175
64289.27107063164,0.00010440343963513527
64518.21350683885,0.00010325930386518964
64747.15594304606,0.00010175326980959588
64976.098379253264,9.990157852855214e-05
65205.040815460474,9.772397462035884e-05
65433.983251667676,9.524335588140029e-05
65662.92568787489,9.24853728247919e-05
65891.86812408209,8.947798784370012e-05
66120.8105602893,8.62510045956004e-05
66349.7529964965,8.283557864875644e-05
66578.69543270371,7.926372056569536e-05
66807.63786891091,7.556780240629304e-05
67036.58030511813,7.178007813258148e-05
67265.52274132533,6.793222761634867e-05
67494.46517753255,6.40549329257026e-05
67723.40761373975,6.0177494341884407e-05
67952.35004994695,5.6327492181627564e-05
68181.29248615415,5.253049902518082e-05
68410.23492236137,4.8809845428300046e-05
68639.17735856857,4.518644067937958e-05
68868.11979477579,4.167864869841296e-05
69097.06223098299,3.8302217805765726e-05
69326.0046671902,3.5070261852582004e-05
69554.9471033974,3.1993289130632024e-05
69783.88953960461,2.907927458915733e-05
70012.83197581182,2.633377019336993e-05
70241.77441201902,2.376004776922657e-05
70470.71684822624,2.1359268389945878e-05
70699.65928443344,1.9130672262597798e-05
70928.60172064064,1.7071783153271345e-05
71157.54415684784,1.5178621627315668e-05
71386.48659305506,1.3445921753868212e-05
71615.42902926226,1.1867346405938847e-05
71844.37146546948,1.043569685214605e-05
72073.31390167668,9.14311295726256e-06
72302.25633788388,7.981260960450267e-06
72531.19877409108,6.941506458769579e-06
72760.1412102983,6.015070868051172e-06
72989.0836465055,5.193170245401774e-06
73218.02608271272,4.46713592268139e-06
73446.96851891992,3.828516906940361e-06
73675.91095512712,3.2691644441837373e-06
73904.85339133433,2.7812995124006727e-06
74133.79582754154,2.3575643070212863e-06
74362.73826374875,1.9910590079910645e-06
74591.68069995596,1.6753652758623846e-06
74820.62313616317,1.4045580198809513e-06
75049.56557237037,1.1732070205092632e-06
