x,y
57270.5984513516,1.971405472065638e-06
57406.84483864064,2.3601575151033795e-06
57543.09122592968,2.8152101162079695e-06
57679.33761321872,3.3456879774341225e-06
57815.58400050776,3.961547360661844e-06
57951.8303877968,4.673573361178881e-06
58088.07677508584,5.493360133106502e-06
58224.32316237488,6.4332714076001805e-06
58360.569549663924,7.506378711075589e-06
58496.81593695296,8.726374851310957e-06
58633.062324242004,1.0107460505130112e-05
58769.30871153104,1.1664202121171348e-05
58905.555098820085,1.3411359850698517e-05
59041.80148610912,1.536368484041081e-05
59178.04787339816,1.7535685961211384e-05
59314.2942606872,1.994136689824012e-05
59450.54064797624,2.2593935476993607e-05
59586.78703526528,2.550548812903873e-05
59723.03342255432,2.8686673483822143e-05
59859.27980984336,3.214634017993587e-05
59995.5261971324,3.589117508432572e-05
60131.772584421444,3.99253391515351e-05
60268.01897171048,4.42501091041832e-05
60404.265358999524,4.886353392590511e-05
60540.51174628856,5.376011578427827e-05
60676.758133577605,5.893052540117276e-05
60813.00452086664,6.436136202267181e-05
60949.250908155685,7.003496797750768e-05
61085.49729544472,7.592930732704837e-05
61221.743682733766,8.201791728646552e-05
61357.9900700228,8.8269939932364e-05
61494.23645731184,9.465024021625224e-05
61630.48284460088,0.00010111961449846599
61766.72923188992,0.0001076350917400014
61902.975619178964,0.00011415032718977962
62039.222006468,0.00012061608594401822
62175.468393757044,0.00012698081120506333
62311.71478104608,0.00013319126950984723
62447.961168335125,0.00013919326271930846
62584.20755562416,0.00014493239424796266
62720.453942913206,0.00015035487495457014
62856.70033020224,0.00015540835239264312
62992.946717491286,0.0001600427458071166
63129.19310478032,0.00016421106842247967
63265.43949206936,0.00016787021824476783
63401.6858793584,0.00017098171882412976
63537.93226664744,0.0001735123922060755
63674.178653936484,0.00017543494762743483
63810.42504122552,0.00017672847135650867
63946.671428514564,0.00017737880538519325
64082.9178158036,0.00017737880538519325
64219.164203092645,0.00017672847135650867
64355.41059038168,0.00017543494762743483
64491.656977670726,0.0001735123922060755
64627.90336495976,0.00017098171882412976
64764.149752248806,0.00016787021824476783
64900.39613953784,0.00016421106842247967
65036.64252682688,0.0001600427458071166
65172.88891411592,0.00015540835239264312
65309.13530140496,0.00015035487495457014
65445.381688694004,0.00014493239424796266
65581.62807598304,0.00013919326271930846
65717.87446327208,0.00013319126950984752
65854.12085056113,0.00012698081120506298
65990.36723785017,0.00012061608594401822
66126.6136251392,0.00011415032718977962
66262.86001242824,0.00010763509174000173
66399.10639971729,0.00010111961449846565
66535.35278700633,9.465024021625224e-05
66671.59917429536,8.8269939932364e-05
66807.8455615844,8.201791728646552e-05
66944.09194887345,7.592930732704803e-05
67080.33833616249,7.003496797750738e-05
67216.58472345152,6.436136202267181e-05
67352.83111074056,5.893052540117276e-05
67489.0774980296,5.376011578427853e-05
67625.32388531865,4.8863533925904855e-05
67761.57027260769,4.42501091041832e-05
67897.81665989672,3.99253391515351e-05
68034.06304718576,3.589117508432593e-05
68170.30943447481,3.214634017993569e-05
68306.55582176385,2.8686673483822143e-05
68442.80220905288,2.550548812903873e-05
68579.04859634192,2.2593935476993756e-05
68715.29498363097,1.9941366898239984e-05
68851.54137092001,1.7535685961211384e-05
68987.78775820904,1.536368484041081e-05
69124.03414549808,1.3411359850698517e-05
69260.28053278712,1.1664202121171439e-05
69396.52692007617,1.0107460505130036e-05
69532.7733073652,8.726374851310957e-06
69669.01969465424,7.506378711075589e-06
69805.26608194328,6.433271407600235e-06
69941.51246923233,5.493360133106455e-06
70077.75885652137,4.673573361178881e-06
70214.0052438104,3.961547360661844e-06
70350.25163109944,3.345687977434155e-06
70486.49801838849,2.815210116207942e-06
70622.74440567753,2.3601575151033795e-06
70758.99079296656,1.971405472065638e-06
