x,y
57533.91607623394,2.077634869316877e-06
57663.19619056852,2.48733485827305e-06
57792.47630490309,2.9669080180439606e-06
57921.75641923767,3.5259707362423255e-06
58051.03653357224,4.175015768997117e-06
58180.31664790682,4.925409367623206e-06
58309.596762241395,5.789370438491546e-06
58438.87687657597,6.779928933749236e-06
58568.156990910546,7.910860740427747e-06
58697.437105245124,9.196596504734646e-06
58826.717219579696,1.0652102108501312e-05
58955.997333914274,1.2292728915027916e-05
59085.277448248846,1.4134032427926476e-05
59214.557562583424,1.6191558661033173e-05
59343.837676918,1.8480598297330067e-05
59473.117791252575,2.1015909612046283e-05
59602.39790558715,2.3811412135785507e-05
59731.67801992173,2.6879854117638518e-05
59860.9581342563,3.0232457989602448e-05
59990.23824859088,3.387854920011767e-05
60119.51836292545,3.7825174938679155e-05
60248.79847726003,4.2076720373316285e-05
60378.07859159461,4.6634531022985025e-05
60507.35870592918,5.1496550740591705e-05
60636.63882026376,5.665698544241962e-05
60765.91893459833,6.210600314117588e-05
60895.19904893291,6.782948098186961e-05
61024.47916326749,7.380880980770452e-05
61153.75927760206,8.002076627111054e-05
61283.03939193664,8.64374616372345e-05
61412.31950627122,9.302637520013932e-05
61541.59962060579,9.975047865544162e-05
61670.87973494037,0.00010656845587111079
61800.15984927494,0.0001134350203090549
61929.43996360952,0.00012030132992626686
62058.7200779441,0.00012711549679084494
62188.00019227867,0.000133823185961512
62317.28030661325,0.00014036829548428223
62446.56042094782,0.000146693706747503
62575.8405352824,0.00015274209199979443
62705.120649616976,0.00015845676366621787
62834.40076395155,0.00016378254828304016
62963.680878286126,0.0001686666664882888
63092.960992620705,0.00017305959961896872
63222.241106955276,0.00017691592312550476
63351.521221289855,0.00018019508725038077
63480.80133562443,0.00018286212624143796
63610.081449959005,0.00018488827876977858
63739.361564293584,0.00018625150416500734
63868.641678628155,0.00018693688151322102
63997.921792962734,0.00018693688151322102
64127.201907297305,0.0001862515041650074
64256.482021631884,0.0001848882787697787
64385.76213596646,0.0001828621262414381
64515.042250301034,0.00018019508725038096
64644.32236463561,0.00017691592312550495
64773.60247897019,0.00017305959961896872
64902.88259330476,0.00016866666648828908
65032.16270763934,0.00016378254828304045
65161.44282197391,0.0001584567636662182
65290.72293630849,0.00015274209199979478
65420.00305064307,0.00014669370674750336
65549.28316497765,0.00014036829548428223
65678.56327931222,0.00013382318596151237
65807.84339364679,0.00012711549679084535
65937.12350798136,0.00012030132992626762
66066.40362231595,0.00011343502030905529
66195.68373665052,0.00010656845587111118
66324.9638509851,9.975047865544162e-05
66454.24396531968,9.302637520013932e-05
66583.52407965425,8.643746163723487e-05
66712.80419398882,8.002076627111126e-05
66842.0843083234,7.380880980770452e-05
66971.36442265798,6.782948098186992e-05
67100.64453699255,6.210600314117652e-05
67229.92465132714,5.665698544241962e-05
67359.2047656617,5.149655074059199e-05
67488.48487999628,4.663453102298529e-05
67617.76499433086,4.2076720373316285e-05
67747.04510866544,3.782517493867938e-05
67876.325223,3.387854920011789e-05
68005.6053373346,3.0232457989602448e-05
68134.88545166916,2.6879854117638518e-05
68264.16556600374,2.381141213578568e-05
68393.44568033831,2.101590961204658e-05
68522.7257946729,1.8480598297330067e-05
68652.00590900746,1.6191558661033295e-05
68781.28602334204,1.4134032427926696e-05
68910.56613767662,1.2292728915027916e-05
69039.8462520112,1.0652102108501395e-05
69169.12636634576,9.196596504734724e-06
69298.40648068035,7.910860740427747e-06
69427.68659501492,6.779928933749293e-06
69556.9667093495,5.789370438491599e-06
69686.24682368408,4.925409367623206e-06
69815.52693801865,4.175015768997156e-06
69944.80705235322,3.5259707362423572e-06
70074.0871666878,2.966908018044018e-06
70203.36728102238,2.48733485827305e-06
70332.64739535695,2.077634869316899e-06
