x,y
55514.42097106709,1.7966645678349792e-06
55663.91847786907,2.1509585125847247e-06
55813.41598467105,2.5656762844944803e-06
55962.91349147303,3.0491337927498795e-06
56112.410998275016,3.6104047987872964e-06
56261.90850507699,4.259318431539767e-06
56411.40601187898,5.006441165636104e-06
56560.903518680956,5.8630408391786495e-06
56710.40102548294,6.841030348165362e-06
56859.89853228492,7.952888800987662e-06
57009.3960390869,9.211558158723656e-06
57158.89354588888,1.0630313733082909e-05
57308.391052690866,1.2222607369039671e-05
57457.88855949284,1.4001882705147739e-05
57607.38606629483,1.598136257894131e-05
57756.883573096806,1.8173809420709766e-05
57906.38107989878,2.0591260344291305e-05
58055.87858670077,2.3244739581028082e-05
58205.376093502746,2.6143951890034288e-05
58354.87360030473,2.9296961586671297e-05
58504.37110710671,3.270986282918388e-05
58653.86861390869,3.63864477545537e-05
58803.36612071067,4.032787991960629e-05
58952.863627512656,4.453238124163679e-05
59102.36113431463,4.89949412036037e-05
59251.85864111662,5.37070574534049e-05
59401.356147918596,5.8656517049519447e-05
59550.85365472058,6.382722745656234e-05
59700.35116152256,6.919910595146115e-05
59849.84866832454,7.474803535054099e-05
59999.34617512652,8.04458929066621e-05
60148.8436819285,8.626065786224388e-05
60298.34118873048,9.21566014992154e-05
60447.83869553246,9.809456163388832e-05
60597.336202334445,0.00010403230140867636
60746.83370913642,0.00010992494998986207
60896.33121593841,0.0001157255204572566
61045.828722740385,0.00012138549784107212
61195.32622954237,0.00012685548800221645
61344.82373634435,0.0001320859159450148
61494.32124314633,0.00013702776027555848
61643.81874994831,0.0001416333089493307
61793.31625675029,0.00014585692025566812
61942.81376355227,0.00014965577222014065
62092.31127035426,0.00015299058331164916
62241.808777156235,0.00015582628754548178
62391.30628395821,0.000158132647785692
62540.8037907602,0.00015988479226038298
62690.301297562175,0.000161063660983541
62839.79880436416,0.00016165635088074954
62989.29631116614,0.00016165635088074957
63138.79381796812,0.00016106366098354107
63288.2913247701,0.00015988479226038303
63437.788831572085,0.0001581326477856921
63587.28633837406,0.00015582628754548189
63736.78384517605,0.00015299058331164916
63886.281351978025,0.0001496557722201408
64035.77885878,0.0001458569202556685
64185.27636558199,0.0001416333089493309
64334.77387238397,0.00013702776027555848
64484.27137918595,0.00013208591594501503
64633.76888598793,0.00012685548800221673
64783.26639278991,0.00012138549784107242
64932.76389959189,0.00011572552045725688
65082.261406393874,0.00010992494998986236
65231.75891319585,0.00010403230140867665
65381.25641999784,9.809456163388862e-05
65530.753926799815,9.215660149921571e-05
65680.25143360179,8.626065786224445e-05
65829.74894040378,8.044589290666238e-05
65979.24644720576,7.474803535054099e-05
66128.74395400775,6.919910595146115e-05
66278.24146080972,6.382722745656259e-05
66427.7389676117,5.865651704951969e-05
66577.23647441369,5.37070574534049e-05
66726.73398121566,4.899494120360415e-05
66876.23148801764,4.4532381241637014e-05
67025.72899481963,4.0327879919606486e-05
67175.22650162161,3.63864477545537e-05
67324.72400842358,3.2709862829184214e-05
67474.22151522557,2.9296961586671456e-05
67623.71902202755,2.6143951890034437e-05
67773.21652882954,2.3244739581028082e-05
67922.7140356315,2.059126034429156e-05
68072.21154243349,1.817380942070988e-05
68221.70904923548,1.598136257894131e-05
68371.20655603745,1.4001882705147918e-05
68520.70406283943,1.2222607369039753e-05
68670.20156964142,1.0630313733082978e-05
68819.6990764434,9.211558158723656e-06
68969.19658324537,7.952888800987779e-06
69118.69409004736,6.8410303481654135e-06
69268.19159684934,5.8630408391786935e-06
69417.68910365133,5.006441165636104e-06
69567.1866104533,4.259318431539835e-06
69716.68411725528,3.6104047987873256e-06
69866.18162405727,3.049133792749904e-06
70015.67913085924,2.5656762844945235e-06
70165.17663766122,2.150958512584763e-06
70314.6741444632,1.796664567834995e-06
