x,y
58896.836022216754,3.109320302917987e-06
58983.2204558818,3.722463888723098e-06
59069.60488954684,4.4401773736245956e-06
59155.989323211885,5.276852328387094e-06
59242.37375687692,6.248191868195652e-06
59328.758190541965,7.37120635252365e-06
59415.14262420701,8.664182196476878e-06
59501.52705787205,1.0146619599708103e-05
59587.911491537096,1.1839135103588413e-05
59674.29592520214,1.376332514062877e-05
59760.68035886718,1.594158715944578e-05
59847.06479253223,1.8396895507597392e-05
59933.44922619726,2.115253004234696e-05
60019.83365986231,2.4231756418870193e-05
60106.21809352735,2.765745817254838e-05
60192.60252719239,3.145172205475648e-05
60278.98696085744,3.563537957913115e-05
60365.37139452248,4.022750935775695e-05
60451.755828187524,4.524490651482662e-05
60538.14026185256,5.070152721106679e-05
60624.524695517604,5.6607918039481764e-05
60710.90912918265,6.297064169892914e-05
60797.29356284769,6.979171184901292e-05
60883.677996512735,7.706805132733198e-05
60970.06243017778,8.479098889795118e-05
61056.44686384282,9.294581033068623e-05
61142.831297507866,0.00010151137982328015
61229.2157311729,0.00011045984752112077
61315.600164837946,0.00011975645812280096
61401.98459850299,0.00012935947426109324
61488.36903216803,0.0001392202265125451
61574.75346583308,0.00014928329952949322
61661.13789949812,0.00015948686094184204
61747.522333163164,0.0001697631363998175
61833.90676682821,0.00018003903050143002
61920.291200493244,0.000190236889467124
62006.67563415829,0.0002002753974032545
62093.06006782333,0.00021007059396282245
62179.444501488375,0.00021953699730226287
62265.82893515342,0.00022858881258634243
62352.21336881846,0.0002371412030469254
62438.597802483506,0.000245111597885119
62524.98223614854,0.000252421009236317
62611.366669813586,0.00025899532909121764
62697.75110347863,0.0002647665765565797
62784.13553714367,0.00026967406619330764
62870.51997080872,0.0002736654694018488
62956.90440447376,0.00027669774291930725
63043.288838138804,0.00027873790140020126
63129.67327180385,0.000279763614693443
63216.05770546889,0.000279763614693443
63302.44213913393,0.00027873790140020126
63388.82657279897,0.00027669774291930725
63475.211006464015,0.0002736654694018488
63561.59544012906,0.00026967406619330764
63647.9798737941,0.0002647665765565797
63734.364307459145,0.00025899532909121764
63820.74874112419,0.000252421009236317
63907.133174789225,0.000245111597885119
63993.51760845427,0.0002371412030469254
64079.90204211931,0.00022858881258634243
64166.286475784356,0.00021953699730226287
64252.6709094494,0.00021007059396282245
64339.05534311444,0.0002002753974032545
64425.43977677949,0.000190236889467124
64511.82421044452,0.00018003903050143002
64598.20864410957,0.0001697631363998175
64684.59307777461,0.00015948686094184204
64770.977511439654,0.00014928329952949322
64857.3619451047,0.0001392202265125451
64943.74637876974,0.00012935947426109324
65030.130812434785,0.00011975645812280096
65116.51524609983,0.00011045984752112077
65202.89967976487,0.00010151137982327941
65289.28411342991,9.294581033068623e-05
65375.66854709495,8.479098889795118e-05
65462.052980759996,7.706805132733198e-05
65548.43741442503,6.979171184901351e-05
65634.82184809008,6.297064169892914e-05
65721.20628175512,5.660791803948228e-05
65807.59071542017,5.070152721106679e-05
65893.9751490852,4.524490651482662e-05
65980.35958275026,4.022750935775654e-05
66066.7440164153,3.563537957913115e-05
66153.12845008034,3.145172205475615e-05
66239.51288374538,2.765745817254838e-05
66325.89731741042,2.423175641887046e-05
66412.28175107547,2.115253004234696e-05
66498.6661847405,1.8396895507597392e-05
66585.05061840556,1.594158715944558e-05
66671.43505207059,1.376332514062877e-05
66757.81948573564,1.1839135103588266e-05
66844.20391940068,1.0146619599708103e-05
66930.58835306572,8.664182196476993e-06
67016.97278673077,7.37120635252365e-06
67103.3572203958,6.24819186819574e-06
67189.74165406085,5.27685232838702e-06
67276.12608772589,4.4401773736245956e-06
67362.51052139094,3.722463888723038e-06
67448.89495505598,3.109320302917987e-06
