x,y
57208.57856455854,2.4382793314204846e-06
57318.73693320382,2.9190967406332213e-06
57428.89530184911,3.4819161949283788e-06
57539.05367049439,4.1380233342925594e-06
57649.21203913967,4.899732290904123e-06
57759.370407784954,5.780382317037861e-06
57869.528776430234,6.794313327419261e-06
57979.68714507551,7.956817067233738e-06
58089.8455137208,9.284060699016335e-06
58200.00388236608,1.0792979800286657e-05
58310.16225101136,1.2501138092603847e-05
58420.320619656646,1.4426551692464921e-05
58530.478988301926,1.65874762921992e-05
58640.637356947205,1.900215644708552e-05
58750.795725592485,2.1688537060162065e-05
58860.95409423777,2.4663938209172466e-05
58971.11246288305,2.7944695634469246e-05
59081.27083152833,3.154577047899894e-05
59191.42920017362,3.5480333210966515e-05
59301.5875688189,3.975932802875942e-05
59411.74593746418,4.43910254022015e-05
59521.90430610946,4.9380571694943255e-05
59632.06267475474,5.472954598669112e-05
59742.22104340002,6.043553521582706e-05
59852.37941204531,6.64917395375948e-05
59962.53778069059,7.28866202876423e-05
60072.69614933587,7.96036031073398e-05
60182.854517981155,8.662084858541264e-05
60293.012886626435,9.391110216947335e-05
60403.171255271714,0.00010144163408261227
60513.329623917,0.00010917427854011961
60623.48799256228,0.00011706557971123804
60733.64636120756,0.00012506704963868834
60843.80472985285,0.00013312554075961
60953.96309849813,0.00014118373282696086
61064.121467143406,0.00014918073098680267
61174.27983578869,0.00015705276861380363
61284.43820443397,0.00016473400534453895
61394.59657307925,0.00017215740768227345
61504.75494172454,0.00017925569668720333
61614.91331036982,0.00018596234472044278
61725.0716790151,0.00019221260108000452
61835.230047660385,0.00019794452474375594
61945.388416305665,0.00020310000139416964
62055.546784950944,0.0002076257215002966
62165.705153596224,0.00021147409650983294
62275.86352224151,0.00021460409117060117
62386.02189088679,0.00021698195164315974
62496.18025953208,0.00021858181134629744
62606.33862817736,0.00021938615933210235
62716.496996822636,0.00021938615933210235
62826.655365467916,0.00021858181134629744
62936.8137341132,0.00021698195164315974
63046.97210275848,0.00021460409117060117
63157.13047140376,0.00021147409650983318
63267.28884004905,0.0002076257215002966
63377.44720869433,0.00020310000139416964
63487.60557733961,0.00019794452474375594
63597.763945984894,0.00019221260108000452
63707.922314630174,0.00018596234472044278
63818.08068327545,0.00017925569668720333
63928.23905192074,0.00017215740768227345
64038.39742056602,0.00016473400534453895
64148.5557892113,0.00015705276861380363
64258.714157856586,0.00014918073098680267
64368.872526501866,0.00014118373282696086
64479.030895147145,0.00013312554075961
64589.18926379243,0.00012506704963868834
64699.34763243771,0.00011706557971123804
64809.50600108299,0.00010917427854011961
64919.66436972827,0.00010144163408261276
65029.82273837356,9.391110216947335e-05
65139.98110701884,8.662084858541264e-05
65250.139475664124,7.96036031073398e-05
65360.2978443094,7.28866202876423e-05
65470.45621295468,6.64917395375948e-05
65580.61458159996,6.0435535215827434e-05
65690.77295024524,5.47295459866915e-05
65800.93131889054,4.9380571694942917e-05
65911.08968753582,4.43910254022015e-05
66021.2480561811,3.975932802875942e-05
66131.40642482637,3.5480333210966515e-05
66241.56479347165,3.154577047899918e-05
66351.72316211693,2.7944695634469484e-05
66461.88153076221,2.4663938209172672e-05
66572.03989940751,2.1688537060162065e-05
66682.19826805279,1.900215644708552e-05
66792.35663669807,1.65874762921992e-05
66902.51500534335,1.4426551692464921e-05
67012.67337398863,1.2501138092603971e-05
67122.83174263392,1.0792979800286545e-05
67232.9901112792,9.28406069901624e-06
67343.14847992448,7.956817067233738e-06
67453.30684856976,6.794313327419261e-06
67563.46521721504,5.780382317037861e-06
67673.62358586032,4.899732290904177e-06
67783.7819545056,4.138023334292606e-06
67893.94032315089,3.481916194928336e-06
68004.09869179617,2.9190967406332213e-06
68114.25706044145,2.4382793314204846e-06
